6.550833821237250731e+01 2.009734187551020373e-02 9.970094955948878568e-02 4.403316865186538559e-02 1.861015258080103282e-09 9.639714636740360776e-01
6.550833821237250731e+01 2.009734187551020373e-02 9.970094955948878568e-02 4.403316865186538559e-02 1.861015258080103282e-09 9.639714636740360776e-01
6.550833821237250731e+01 2.009734187551020373e-02 9.970094955948878568e-02 4.403316865186538559e-02 1.861015258080103282e-09 9.639714636740360776e-01
6.550833821237250731e+01 2.009734187551020373e-02 9.970094955948878568e-02 4.403316865186538559e-02 1.861015258080103282e-09 9.639714636740360776e-01
6.550833821237250731e+01 2.009734187551020373e-02 9.970094955948878568e-02 4.403316865186538559e-02 1.861015258080103282e-09 9.639714636740360776e-01
6.550833821237250731e+01 2.009734187551020373e-02 9.970094955948878568e-02 4.403316865186538559e-02 1.861015258080103282e-09 9.639714636740360776e-01
6.550833821237250731e+01 2.009734187551020373e-02 9.970094955948878568e-02 4.403316865186538559e-02 1.861015258080103282e-09 9.639714636740360776e-01
6.550833821237250731e+01 2.009734187551020373e-02 9.970094955948878568e-02 4.403316865186538559e-02 1.861015258080103282e-09 9.639714636740360776e-01
6.517023751336841997e+01 1.999253780640392053e-02 9.988598928010798683e-02 4.457031006869314332e-02 1.871879261894246461e-09 9.620065586852794004e-01
6.517023751336841997e+01 1.999253780640392053e-02 9.988598928010798683e-02 4.457031006869314332e-02 1.871879261894246461e-09 9.620065586852794004e-01
6.517023751336841997e+01 1.999253780640392053e-02 9.988598928010798683e-02 4.457031006869314332e-02 1.871879261894246461e-09 9.620065586852794004e-01
6.517023751336841997e+01 1.999253780640392053e-02 9.988598928010798683e-02 4.457031006869314332e-02 1.871879261894246461e-09 9.620065586852794004e-01
6.502710670591517328e+01 2.005705037439205543e-02 1.003993850363859991e-01 4.525385330228982178e-02 1.894813350115430808e-09 9.637011649872669894e-01
6.501418238084099244e+01 1.997994760454804841e-02 9.997717653431996421e-02 4.483451074469522318e-02 1.879191998077678803e-09 9.613177258955826199e-01
6.501418238084099244e+01 1.997994760454804841e-02 9.997717653431996421e-02 4.483451074469522318e-02 1.879191998077678803e-09 9.613177258955826199e-01
6.501418238084099244e+01 1.997994760454804841e-02 9.997717653431996421e-02 4.483451074469522318e-02 1.879191998077678803e-09 9.613177258955826199e-01
6.501418238084099244e+01 1.997994760454804841e-02 9.997717653431996421e-02 4.483451074469522318e-02 1.879191998077678803e-09 9.613177258955826199e-01
6.501418238084099244e+01 1.997994760454804841e-02 9.997717653431996421e-02 4.483451074469522318e-02 1.879191998077678803e-09 9.613177258955826199e-01
6.501418238084099244e+01 1.997994760454804841e-02 9.997717653431996421e-02 4.483451074469522318e-02 1.879191998077678803e-09 9.613177258955826199e-01
6.501418238084099244e+01 1.997994760454804841e-02 9.997717653431996421e-02 4.483451074469522318e-02 1.879191998077678803e-09 9.613177258955826199e-01
6.501418238084099244e+01 1.997994760454804841e-02 9.997717653431996421e-02 4.483451074469522318e-02 1.879191998077678803e-09 9.613177258955826199e-01
6.501418238084099244e+01 1.997994760454804841e-02 9.997717653431996421e-02 4.483451074469522318e-02 1.879191998077678803e-09 9.613177258955826199e-01
6.534060772743615075e+01 2.005489062835127262e-02 9.997854214698811970e-02 4.386605985692779153e-02 1.858843881329949343e-09 9.633648690237286427e-01
6.534060772743615075e+01 2.005489062835127262e-02 9.997854214698811970e-02 4.386605985692779153e-02 1.858843881329949343e-09 9.633648690237286427e-01
6.509069729251616820e+01 2.002947292787253183e-02 1.007449421710635423e-01 4.489005648674790350e-02 1.888135995710893599e-09 9.620025491496004832e-01
6.509069729251616820e+01 2.002947292787253183e-02 1.007449421710635423e-01 4.489005648674790350e-02 1.888135995710893599e-09 9.620025491496004832e-01
6.509069729251616820e+01 2.002947292787253183e-02 1.007449421710635423e-01 4.489005648674790350e-02 1.888135995710893599e-09 9.620025491496004832e-01
6.509069729251616820e+01 2.002947292787253183e-02 1.007449421710635423e-01 4.489005648674790350e-02 1.888135995710893599e-09 9.620025491496004832e-01
6.486152758607047986e+01 1.997323755856484154e-02 1.011167782873541865e-01 4.408267698000045698e-02 1.869832005285170188e-09 9.596594651208586457e-01
6.501332335071572288e+01 2.001913706487772060e-02 1.008141214358286991e-01 4.515351666113686518e-02 1.895099801241787668e-09 9.611407512632589301e-01
6.501332335071572288e+01 2.001913706487772060e-02 1.008141214358286991e-01 4.515351666113686518e-02 1.895099801241787668e-09 9.611407512632589301e-01
6.501332335071572288e+01 2.001913706487772060e-02 1.008141214358286991e-01 4.515351666113686518e-02 1.895099801241787668e-09 9.611407512632589301e-01
6.429595865102305652e+01 1.997508166030362645e-02 1.024054628964471969e-01 4.409413222989170406e-02 1.880875432770287773e-09 9.595251719008507374e-01
6.429595865102305652e+01 1.997508166030362645e-02 1.024054628964471969e-01 4.409413222989170406e-02 1.880875432770287773e-09 9.595251719008507374e-01
6.456708199024926387e+01 1.997725662930871851e-02 1.017447693377299955e-01 4.541320384556122441e-02 1.908681005732668920e-09 9.601079896691643301e-01
6.440882663484811133e+01 1.991968292458142289e-02 1.018934390643485149e-01 4.458764485957557311e-02 1.886754984915760030e-09 9.584367778580379360e-01
6.440882663484811133e+01 1.991968292458142289e-02 1.018934390643485149e-01 4.458764485957557311e-02 1.886754984915760030e-09 9.584367778580379360e-01
6.440882663484811133e+01 1.991968292458142289e-02 1.018934390643485149e-01 4.458764485957557311e-02 1.886754984915760030e-09 9.584367778580379360e-01
6.416561532022191727e+01 1.992635779204731533e-02 1.026790133495868867e-01 4.389169869293699233e-02 1.876712280747616641e-09 9.585075136676076690e-01
6.416561532022191727e+01 1.992635779204731533e-02 1.026790133495868867e-01 4.389169869293699233e-02 1.876712280747616641e-09 9.585075136676076690e-01
6.416561532022191727e+01 1.992635779204731533e-02 1.026790133495868867e-01 4.389169869293699233e-02 1.876712280747616641e-09 9.585075136676076690e-01
6.426925572504106299e+01 2.002341194847839789e-02 1.030213696681018254e-01 4.376001350995185890e-02 1.879164628372028834e-09 9.606040224967669072e-01
6.413881810789683868e+01 1.999183746086811639e-02 1.030049602468095515e-01 4.499689910513969549e-02 1.908943277052039095e-09 9.607438957924617773e-01
6.413881810789683868e+01 1.999183746086811639e-02 1.030049602468095515e-01 4.499689910513969549e-02 1.908943277052039095e-09 9.607438957924617773e-01
6.413881810789683868e+01 1.999183746086811639e-02 1.030049602468095515e-01 4.499689910513969549e-02 1.908943277052039095e-09 9.607438957924617773e-01
6.413881810789683868e+01 1.999183746086811639e-02 1.030049602468095515e-01 4.499689910513969549e-02 1.908943277052039095e-09 9.607438957924617773e-01
6.413881810789683868e+01 1.999183746086811639e-02 1.030049602468095515e-01 4.499689910513969549e-02 1.908943277052039095e-09 9.607438957924617773e-01
6.413881810789683868e+01 1.999183746086811639e-02 1.030049602468095515e-01 4.499689910513969549e-02 1.908943277052039095e-09 9.607438957924617773e-01
6.435784917557027995e+01 2.002312256023749612e-02 1.026933767664195696e-01 4.526843446626058892e-02 1.914285910853715525e-09 9.616333517139259435e-01
6.435784917557027995e+01 2.002312256023749612e-02 1.026933767664195696e-01 4.526843446626058892e-02 1.914285910853715525e-09 9.616333517139259435e-01
