6.500000000000000000e+01 2.000000000000000042e-02 1.000000000000000056e-01 5.000000000000000278e-02 2.000000000000000125e-09 9.599999999999999645e-01
6.482402505838871321e+01 2.001166032747399293e-02 1.002110819073229048e-01 4.918697984874714768e-02 1.982927960314922039e-09 9.614012022169451388e-01
6.482402505838871321e+01 2.001166032747399293e-02 1.002110819073229048e-01 4.918697984874714768e-02 1.982927960314922039e-09 9.614012022169451388e-01
6.458684817736200046e+01 1.999365835183521817e-02 1.008559023582074471e-01 4.921942436331078891e-02 1.988519870787159665e-09 9.610131153764223111e-01
6.463474105238867651e+01 1.994560701643640493e-02 1.005881883508258912e-01 4.656564698071698205e-02 1.922225534301834699e-09 9.601037152024803900e-01
6.463474105238867651e+01 1.994560701643640493e-02 1.005881883508258912e-01 4.656564698071698205e-02 1.922225534301834699e-09 9.601037152024803900e-01
6.463474105238867651e+01 1.994560701643640493e-02 1.005881883508258912e-01 4.656564698071698205e-02 1.922225534301834699e-09 9.601037152024803900e-01
6.412576599199387317e+01 1.986092954572369132e-02 1.018183804376257412e-01 4.323808246119106163e-02 1.850972274382504679e-09 9.583952523608030294e-01
6.412576599199387317e+01 1.986092954572369132e-02 1.018183804376257412e-01 4.323808246119106163e-02 1.850972274382504679e-09 9.583952523608030294e-01
6.412576599199387317e+01 1.986092954572369132e-02 1.018183804376257412e-01 4.323808246119106163e-02 1.850972274382504679e-09 9.583952523608030294e-01
6.412576599199387317e+01 1.986092954572369132e-02 1.018183804376257412e-01 4.323808246119106163e-02 1.850972274382504679e-09 9.583952523608030294e-01
6.412576599199387317e+01 1.986092954572369132e-02 1.018183804376257412e-01 4.323808246119106163e-02 1.850972274382504679e-09 9.583952523608030294e-01
6.412576599199387317e+01 1.986092954572369132e-02 1.018183804376257412e-01 4.323808246119106163e-02 1.850972274382504679e-09 9.583952523608030294e-01
6.448596208337748692e+01 1.995986198663909916e-02 1.010929622170569919e-01 4.348373324690671393e-02 1.853688976010367742e-09 9.609638272072528187e-01
6.463358734772806713e+01 1.997286642432022016e-02 1.008346861765712643e-01 4.553569502753657822e-02 1.902025281787605093e-09 9.618075417827622875e-01
6.463358734772806713e+01 1.997286642432022016e-02 1.008346861765712643e-01 4.553569502753657822e-02 1.902025281787605093e-09 9.618075417827622875e-01
6.463358734772806713e+01 1.997286642432022016e-02 1.008346861765712643e-01 4.553569502753657822e-02 1.902025281787605093e-09 9.618075417827622875e-01
6.480276636005945079e+01 1.993548289294655093e-02 1.002121855305068421e-01 4.469619535594905602e-02 1.875208386107158836e-09 9.621952658735237751e-01
6.483036133096891263e+01 1.993693094707551725e-02 1.004617461443726850e-01 4.429161246197850510e-02 1.866976589122559488e-09 9.615577154096627277e-01
6.483036133096891263e+01 1.993693094707551725e-02 1.004617461443726850e-01 4.429161246197850510e-02 1.866976589122559488e-09 9.615577154096627277e-01
6.510505362302551191e+01 2.000546993804843202e-02 9.998236422016019975e-02 4.521514209934917455e-02 1.887529574196199921e-09 9.623999827492573100e-01
6.510505362302551191e+01 2.000546993804843202e-02 9.998236422016019975e-02 4.521514209934917455e-02 1.887529574196199921e-09 9.623999827492573100e-01
6.510505362302551191e+01 2.000546993804843202e-02 9.998236422016019975e-02 4.521514209934917455e-02 1.887529574196199921e-09 9.623999827492573100e-01
6.510505362302551191e+01 2.000546993804843202e-02 9.998236422016019975e-02 4.521514209934917455e-02 1.887529574196199921e-09 9.623999827492573100e-01
6.514481663803927347e+01 2.007801504191240177e-02 1.002441944946259045e-01 4.569167229671601549e-02 1.902592973821958178e-09 9.634212125141039529e-01
6.550833821237250731e+01 2.009734187551020373e-02 9.970094955948878568e-02 4.403316865186538559e-02 1.861015258080103282e-09 9.639714636740360776e-01
6.543121533518502986e+01 2.007323625655590971e-02 9.971803830899110543e-02 4.433293680069358422e-02 1.867654273696451010e-09 9.626687233074342487e-01
6.543121533518502986e+01 2.007323625655590971e-02 9.971803830899110543e-02 4.433293680069358422e-02 1.867654273696451010e-09 9.626687233074342487e-01
6.543121533518502986e+01 2.007323625655590971e-02 9.971803830899110543e-02 4.433293680069358422e-02 1.867654273696451010e-09 9.626687233074342487e-01
6.543121533518502986e+01 2.007323625655590971e-02 9.971803830899110543e-02 4.433293680069358422e-02 1.867654273696451010e-09 9.626687233074342487e-01
6.543121533518502986e+01 2.007323625655590971e-02 9.971803830899110543e-02 4.433293680069358422e-02 1.867654273696451010e-09 9.626687233074342487e-01
6.543121533518502986e+01 2.007323625655590971e-02 9.971803830899110543e-02 4.433293680069358422e-02 1.867654273696451010e-09 9.626687233074342487e-01
6.543121533518502986e+01 2.007323625655590971e-02 9.971803830899110543e-02 4.433293680069358422e-02 1.867654273696451010e-09 9.626687233074342487e-01
6.543871887382262287e+01 2.001510026064481224e-02 9.956390460489648875e-02 4.491479160330252851e-02 1.879065571392431713e-09 9.616056912774422205e-01
6.543871887382262287e+01 2.001510026064481224e-02 9.956390460489648875e-02 4.491479160330252851e-02 1.879065571392431713e-09 9.616056912774422205e-01
6.572174931510195961e+01 2.015627985161949631e-02 9.946226394524627923e-02 4.543588574827771981e-02 1.892839026569958145e-09 9.640152734076347096e-01
6.572174931510195961e+01 2.015627985161949631e-02 9.946226394524627923e-02 4.543588574827771981e-02 1.892839026569958145e-09 9.640152734076347096e-01
6.572174931510195961e+01 2.015627985161949631e-02 9.946226394524627923e-02 4.543588574827771981e-02 1.892839026569958145e-09 9.640152734076347096e-01
6.572174931510195961e+01 2.015627985161949631e-02 9.946226394524627923e-02 4.543588574827771981e-02 1.892839026569958145e-09 9.640152734076347096e-01
6.572174931510195961e+01 2.015627985161949631e-02 9.946226394524627923e-02 4.543588574827771981e-02 1.892839026569958145e-09 9.640152734076347096e-01
6.554830803287642027e+01 2.005889177526758160e-02 9.942219984383025844e-02 4.519792470344095175e-02 1.883895749522995513e-09 9.620910743188253456e-01
6.554830803287642027e+01 2.005889177526758160e-02 9.942219984383025844e-02 4.519792470344095175e-02 1.883895749522995513e-09 9.620910743188253456e-01
6.554830803287642027e+01 2.005889177526758160e-02 9.942219984383025844e-02 4.519792470344095175e-02 1.883895749522995513e-09 9.620910743188253456e-01
6.554830803287642027e+01 2.005889177526758160e-02 9.942219984383025844e-02 4.519792470344095175e-02 1.883895749522995513e-09 9.620910743188253456e-01
6.554830803287642027e+01 2.005889177526758160e-02 9.942219984383025844e-02 4.519792470344095175e-02 1.883895749522995513e-09 9.620910743188253456e-01
6.539105793773936171e+01 2.002839362121042188e-02 9.932490037941735239e-02 4.460957716927016481e-02 1.866845361737235654e-09 9.611715907596748432e-01
6.539105793773936171e+01 2.002839362121042188e-02 9.932490037941735239e-02 4.460957716927016481e-02 1.866845361737235654e-09 9.611715907596748432e-01
6.539105793773936171e+01 2.002839362121042188e-02 9.932490037941735239e-02 4.460957716927016481e-02 1.866845361737235654e-09 9.611715907596748432e-01
6.539105793773936171e+01 2.002839362121042188e-02 9.932490037941735239e-02 4.460957716927016481e-02 1.866845361737235654e-09 9.611715907596748432e-01
6.539105793773936171e+01 2.002839362121042188e-02 9.932490037941735239e-02 4.460957716927016481e-02 1.866845361737235654e-09 9.611715907596748432e-01
