1.350080157517513271e+03
1.350080157517513271e+03
1.350080157517513271e+03
1.350080157517513271e+03
1.350080157517513271e+03
1.350080157517513271e+03
1.350080157517513271e+03
1.350080157517513271e+03
1.351036664237371497e+03
1.351036664237371497e+03
1.351036664237371497e+03
1.351036664237371497e+03
1.354330966173522484e+03
1.353310912132648127e+03
1.353310912132648127e+03
1.353310912132648127e+03
1.353310912132648127e+03
1.353310912132648127e+03
1.353310912132648127e+03
1.353310912132648127e+03
1.353310912132648127e+03
1.353310912132648127e+03
1.352637241271484527e+03
1.352637241271484527e+03
1.344173193400488344e+03
1.344173193400488344e+03
1.344173193400488344e+03
1.344173193400488344e+03
1.345368815555470746e+03
1.346191914965135766e+03
1.346191914965135766e+03
1.346191914965135766e+03
1.346127935495465863e+03
1.346127935495465863e+03
1.350171831251042477e+03
1.344611469376303830e+03
1.344611469376303830e+03
1.344611469376303830e+03
1.348076853204878716e+03
1.348076853204878716e+03
1.348076853204878716e+03
1.346516995884893049e+03
1.344647074223448953e+03
1.344647074223448953e+03
1.344647074223448953e+03
1.344647074223448953e+03
1.344647074223448953e+03
1.344647074223448953e+03
1.345822466734022328e+03
1.345822466734022328e+03
