1.588237653293152562e+03
1.523761461709480955e+03
1.523761461709480955e+03
1.522854220483891140e+03
1.383539404410234056e+03
1.383539404410234056e+03
1.383539404410234056e+03
1.372549418118942413e+03
1.372549418118942413e+03
1.372549418118942413e+03
1.372549418118942413e+03
1.372549418118942413e+03
1.372549418118942413e+03
1.368014187817977472e+03
1.360457774444058032e+03
1.360457774444058032e+03
1.360457774444058032e+03
1.357735200373101179e+03
1.355634169127745963e+03
1.355634169127745963e+03
1.353988656050968984e+03
1.353988656050968984e+03
1.353988656050968984e+03
1.353988656050968984e+03
1.357288307044445901e+03
1.350080157517513271e+03
1.347302712064368734e+03
1.347302712064368734e+03
1.347302712064368734e+03
1.347302712064368734e+03
1.347302712064368734e+03
1.347302712064368734e+03
1.347302712064368734e+03
1.347416309188361538e+03
1.347416309188361538e+03
1.348747230139121257e+03
1.348747230139121257e+03
1.348747230139121257e+03
1.348747230139121257e+03
1.348747230139121257e+03
1.348158747600845800e+03
1.348158747600845800e+03
1.348158747600845800e+03
1.348158747600845800e+03
1.348158747600845800e+03
1.349904131372025404e+03
1.349904131372025404e+03
1.349904131372025404e+03
1.349904131372025404e+03
1.349904131372025404e+03
