6.550833821237250731e+01 2.009734187551020373e-02 9.970094955948878568e-02 4.403316865186538559e-02 1.861015258080103282e-09 9.639714636740360776e-01
6.550833821237250731e+01 2.009734187551020373e-02 9.970094955948878568e-02 4.403316865186538559e-02 1.861015258080103282e-09 9.639714636740360776e-01
6.550833821237250731e+01 2.009734187551020373e-02 9.970094955948878568e-02 4.403316865186538559e-02 1.861015258080103282e-09 9.639714636740360776e-01
6.545474236135072488e+01 1.999842413321787499e-02 9.963823517763210902e-02 4.478262053444498347e-02 1.876313400820269472e-09 9.620533842826001214e-01
6.545474236135072488e+01 1.999842413321787499e-02 9.963823517763210902e-02 4.478262053444498347e-02 1.876313400820269472e-09 9.620533842826001214e-01
6.545474236135072488e+01 1.999842413321787499e-02 9.963823517763210902e-02 4.478262053444498347e-02 1.876313400820269472e-09 9.620533842826001214e-01
6.545474236135072488e+01 1.999842413321787499e-02 9.963823517763210902e-02 4.478262053444498347e-02 1.876313400820269472e-09 9.620533842826001214e-01
6.545474236135072488e+01 1.999842413321787499e-02 9.963823517763210902e-02 4.478262053444498347e-02 1.876313400820269472e-09 9.620533842826001214e-01
6.545474236135072488e+01 1.999842413321787499e-02 9.963823517763210902e-02 4.478262053444498347e-02 1.876313400820269472e-09 9.620533842826001214e-01
6.545474236135072488e+01 1.999842413321787499e-02 9.963823517763210902e-02 4.478262053444498347e-02 1.876313400820269472e-09 9.620533842826001214e-01
6.545474236135072488e+01 1.999842413321787499e-02 9.963823517763210902e-02 4.478262053444498347e-02 1.876313400820269472e-09 9.620533842826001214e-01
6.545474236135072488e+01 1.999842413321787499e-02 9.963823517763210902e-02 4.478262053444498347e-02 1.876313400820269472e-09 9.620533842826001214e-01
6.555733572741864634e+01 2.003188505801305197e-02 9.976499511642762663e-02 4.491564222385449612e-02 1.881430579771875462e-09 9.618246351768187097e-01
6.555733572741864634e+01 2.003188505801305197e-02 9.976499511642762663e-02 4.491564222385449612e-02 1.881430579771875462e-09 9.618246351768187097e-01
6.555733572741864634e+01 2.003188505801305197e-02 9.976499511642762663e-02 4.491564222385449612e-02 1.881430579771875462e-09 9.618246351768187097e-01
6.537061082169381621e+01 1.998795171071240592e-02 1.000345740766878794e-01 4.432510706883211610e-02 1.870770591817023072e-09 9.617760456875639186e-01
6.522058298284567002e+01 2.000392763329206583e-02 1.006523216750482563e-01 4.414504814706718405e-02 1.873034186775736356e-09 9.624715589550787431e-01
6.522058298284567002e+01 2.000392763329206583e-02 1.006523216750482563e-01 4.414504814706718405e-02 1.873034186775736356e-09 9.624715589550787431e-01
6.506941574990821664e+01 2.006412971945726459e-02 1.012658599307925678e-01 4.446118424279880965e-02 1.887098956053756782e-09 9.640576961194906591e-01
6.506941574990821664e+01 2.006412971945726459e-02 1.012658599307925678e-01 4.446118424279880965e-02 1.887098956053756782e-09 9.640576961194906591e-01
6.506941574990821664e+01 2.006412971945726459e-02 1.012658599307925678e-01 4.446118424279880965e-02 1.887098956053756782e-09 9.640576961194906591e-01
6.506941574990821664e+01 2.006412971945726459e-02 1.012658599307925678e-01 4.446118424279880965e-02 1.887098956053756782e-09 9.640576961194906591e-01
6.506941574990821664e+01 2.006412971945726459e-02 1.012658599307925678e-01 4.446118424279880965e-02 1.887098956053756782e-09 9.640576961194906591e-01
6.506941574990821664e+01 2.006412971945726459e-02 1.012658599307925678e-01 4.446118424279880965e-02 1.887098956053756782e-09 9.640576961194906591e-01
6.506941574990821664e+01 2.006412971945726459e-02 1.012658599307925678e-01 4.446118424279880965e-02 1.887098956053756782e-09 9.640576961194906591e-01
6.506941574990821664e+01 2.006412971945726459e-02 1.012658599307925678e-01 4.446118424279880965e-02 1.887098956053756782e-09 9.640576961194906591e-01
6.506941574990821664e+01 2.006412971945726459e-02 1.012658599307925678e-01 4.446118424279880965e-02 1.887098956053756782e-09 9.640576961194906591e-01
6.506941574990821664e+01 2.006412971945726459e-02 1.012658599307925678e-01 4.446118424279880965e-02 1.887098956053756782e-09 9.640576961194906591e-01
6.506941574990821664e+01 2.006412971945726459e-02 1.012658599307925678e-01 4.446118424279880965e-02 1.887098956053756782e-09 9.640576961194906591e-01
6.506941574990821664e+01 2.006412971945726459e-02 1.012658599307925678e-01 4.446118424279880965e-02 1.887098956053756782e-09 9.640576961194906591e-01
6.506941574990821664e+01 2.006412971945726459e-02 1.012658599307925678e-01 4.446118424279880965e-02 1.887098956053756782e-09 9.640576961194906591e-01
6.511296032579210191e+01 2.011456611852279960e-02 1.014751231553303462e-01 4.460024134293737869e-02 1.891368818288844524e-09 9.641378787723878796e-01
6.511296032579210191e+01 2.011456611852279960e-02 1.014751231553303462e-01 4.460024134293737869e-02 1.891368818288844524e-09 9.641378787723878796e-01
6.511296032579210191e+01 2.011456611852279960e-02 1.014751231553303462e-01 4.460024134293737869e-02 1.891368818288844524e-09 9.641378787723878796e-01
6.511296032579210191e+01 2.011456611852279960e-02 1.014751231553303462e-01 4.460024134293737869e-02 1.891368818288844524e-09 9.641378787723878796e-01
6.511296032579210191e+01 2.011456611852279960e-02 1.014751231553303462e-01 4.460024134293737869e-02 1.891368818288844524e-09 9.641378787723878796e-01
6.511296032579210191e+01 2.011456611852279960e-02 1.014751231553303462e-01 4.460024134293737869e-02 1.891368818288844524e-09 9.641378787723878796e-01
6.511296032579210191e+01 2.011456611852279960e-02 1.014751231553303462e-01 4.460024134293737869e-02 1.891368818288844524e-09 9.641378787723878796e-01
6.511296032579210191e+01 2.011456611852279960e-02 1.014751231553303462e-01 4.460024134293737869e-02 1.891368818288844524e-09 9.641378787723878796e-01
6.490651218262229349e+01 2.005171620128184951e-02 1.016843230638466294e-01 4.457243380423039220e-02 1.889798198799459914e-09 9.625895788161723532e-01
6.490651218262229349e+01 2.005171620128184951e-02 1.016843230638466294e-01 4.457243380423039220e-02 1.889798198799459914e-09 9.625895788161723532e-01
6.490651218262229349e+01 2.005171620128184951e-02 1.016843230638466294e-01 4.457243380423039220e-02 1.889798198799459914e-09 9.625895788161723532e-01
6.490651218262229349e+01 2.005171620128184951e-02 1.016843230638466294e-01 4.457243380423039220e-02 1.889798198799459914e-09 9.625895788161723532e-01
6.490651218262229349e+01 2.005171620128184951e-02 1.016843230638466294e-01 4.457243380423039220e-02 1.889798198799459914e-09 9.625895788161723532e-01
6.490651218262229349e+01 2.005171620128184951e-02 1.016843230638466294e-01 4.457243380423039220e-02 1.889798198799459914e-09 9.625895788161723532e-01
6.503807905013096047e+01 2.013021839604917443e-02 1.017742950747074493e-01 4.510028681353772662e-02 1.905852639387845157e-09 9.632447888003697889e-01
6.503807905013096047e+01 2.013021839604917443e-02 1.017742950747074493e-01 4.510028681353772662e-02 1.905852639387845157e-09 9.632447888003697889e-01
6.486820482510444208e+01 2.006603502429619296e-02 1.021237866675277633e-01 4.502040487181670908e-02 1.906144111385397765e-09 9.629091909882937506e-01
6.464337478647064472e+01 2.004982323237743114e-02 1.029212561741003895e-01 4.415466357258031327e-02 1.892630344741260484e-09 9.628462390126567572e-01
6.464337478647064472e+01 2.004982323237743114e-02 1.029212561741003895e-01 4.415466357258031327e-02 1.892630344741260484e-09 9.628462390126567572e-01
