1.350080157517513271e+03
1.350080157517513271e+03
1.350080157517513271e+03
1.346386657575526442e+03
1.346386657575526442e+03
1.346386657575526442e+03
1.346386657575526442e+03
1.346386657575526442e+03
1.346386657575526442e+03
1.346386657575526442e+03
1.346386657575526442e+03
1.346386657575526442e+03
1.342559943036940467e+03
1.342559943036940467e+03
1.342559943036940467e+03
1.344453974307505177e+03
1.343788861350199795e+03
1.343788861350199795e+03
1.342202170622262884e+03
1.342202170622262884e+03
1.342202170622262884e+03
1.342202170622262884e+03
1.342202170622262884e+03
1.342202170622262884e+03
1.342202170622262884e+03
1.342202170622262884e+03
1.342202170622262884e+03
1.342202170622262884e+03
1.342202170622262884e+03
1.342202170622262884e+03
1.342202170622262884e+03
1.338764207829455700e+03
1.338764207829455700e+03
1.338764207829455700e+03
1.338764207829455700e+03
1.338764207829455700e+03
1.338764207829455700e+03
1.338764207829455700e+03
1.338764207829455700e+03
1.339866116663020648e+03
1.339866116663020648e+03
1.339866116663020648e+03
1.339866116663020648e+03
1.339866116663020648e+03
1.339866116663020648e+03
1.338490562091361198e+03
1.338490562091361198e+03
1.338446466266160996e+03
1.336557607217859186e+03
1.336557607217859186e+03
