6.718781338541444370e+01 2.184845499604048599e-02 1.110191101704221806e-01 4.950000000000000233e-02 1.984890965963673081e-09 9.408350033015923097e-01
6.718781338541444370e+01 2.184845499604048599e-02 1.110191101704221806e-01 4.950000000000000233e-02 1.984890965963673081e-09 9.408350033015923097e-01
6.718781338541444370e+01 2.184845499604048599e-02 1.110191101704221806e-01 4.950000000000000233e-02 1.984890965963673081e-09 9.408350033015923097e-01
6.718781338541444370e+01 2.184845499604048599e-02 1.110191101704221806e-01 4.950000000000000233e-02 1.984890965963673081e-09 9.408350033015923097e-01
6.729410395203774442e+01 2.181517775466293094e-02 1.106964659047697253e-01 4.952378051038151124e-02 1.982011101234286446e-09 9.403389043796489544e-01
6.729410395203774442e+01 2.181517775466293094e-02 1.106964659047697253e-01 4.952378051038151124e-02 1.982011101234286446e-09 9.403389043796489544e-01
6.725672800167097876e+01 2.179237682976443991e-02 1.106491330280300056e-01 4.958013589732087473e-02 1.982772547634881926e-09 9.398929362568910761e-01
6.725672800167097876e+01 2.179237682976443991e-02 1.106491330280300056e-01 4.958013589732087473e-02 1.982772547634881926e-09 9.398929362568910761e-01
6.725672800167097876e+01 2.179237682976443991e-02 1.106491330280300056e-01 4.958013589732087473e-02 1.982772547634881926e-09 9.398929362568910761e-01
6.725672800167097876e+01 2.179237682976443991e-02 1.106491330280300056e-01 4.958013589732087473e-02 1.982772547634881926e-09 9.398929362568910761e-01
6.725672800167097876e+01 2.179237682976443991e-02 1.106491330280300056e-01 4.958013589732087473e-02 1.982772547634881926e-09 9.398929362568910761e-01
6.729815976751002893e+01 2.180263842463843124e-02 1.106836626634507964e-01 4.895489095882634561e-02 1.967791012828707097e-09 9.393094887063855314e-01
6.729815976751002893e+01 2.180263842463843124e-02 1.106836626634507964e-01 4.895489095882634561e-02 1.967791012828707097e-09 9.393094887063855314e-01
6.729815976751002893e+01 2.180263842463843124e-02 1.106836626634507964e-01 4.895489095882634561e-02 1.967791012828707097e-09 9.393094887063855314e-01
6.729815976751002893e+01 2.180263842463843124e-02 1.106836626634507964e-01 4.895489095882634561e-02 1.967791012828707097e-09 9.393094887063855314e-01
6.729815976751002893e+01 2.180263842463843124e-02 1.106836626634507964e-01 4.895489095882634561e-02 1.967791012828707097e-09 9.393094887063855314e-01
6.729815976751002893e+01 2.180263842463843124e-02 1.106836626634507964e-01 4.895489095882634561e-02 1.967791012828707097e-09 9.393094887063855314e-01
6.727668063012987432e+01 2.180257393855333445e-02 1.108975126717061527e-01 4.951037407102897026e-02 1.983037463527742987e-09 9.396982082534104386e-01
6.731516048071566161e+01 2.185797349744773160e-02 1.109392569003747470e-01 4.888921422161657954e-02 1.968815705570070985e-09 9.403819135724779121e-01
6.731516048071566161e+01 2.185797349744773160e-02 1.109392569003747470e-01 4.888921422161657954e-02 1.968815705570070985e-09 9.403819135724779121e-01
6.731516048071566161e+01 2.185797349744773160e-02 1.109392569003747470e-01 4.888921422161657954e-02 1.968815705570070985e-09 9.403819135724779121e-01
6.731516048071566161e+01 2.185797349744773160e-02 1.109392569003747470e-01 4.888921422161657954e-02 1.968815705570070985e-09 9.403819135724779121e-01
6.731516048071566161e+01 2.185797349744773160e-02 1.109392569003747470e-01 4.888921422161657954e-02 1.968815705570070985e-09 9.403819135724779121e-01
6.731516048071566161e+01 2.185797349744773160e-02 1.109392569003747470e-01 4.888921422161657954e-02 1.968815705570070985e-09 9.403819135724779121e-01
6.731516048071566161e+01 2.185797349744773160e-02 1.109392569003747470e-01 4.888921422161657954e-02 1.968815705570070985e-09 9.403819135724779121e-01
6.731516048071566161e+01 2.185797349744773160e-02 1.109392569003747470e-01 4.888921422161657954e-02 1.968815705570070985e-09 9.403819135724779121e-01
6.731516048071566161e+01 2.185797349744773160e-02 1.109392569003747470e-01 4.888921422161657954e-02 1.968815705570070985e-09 9.403819135724779121e-01
6.731516048071566161e+01 2.185797349744773160e-02 1.109392569003747470e-01 4.888921422161657954e-02 1.968815705570070985e-09 9.403819135724779121e-01
6.731516048071566161e+01 2.185797349744773160e-02 1.109392569003747470e-01 4.888921422161657954e-02 1.968815705570070985e-09 9.403819135724779121e-01
6.731516048071566161e+01 2.185797349744773160e-02 1.109392569003747470e-01 4.888921422161657954e-02 1.968815705570070985e-09 9.403819135724779121e-01
6.731516048071566161e+01 2.185797349744773160e-02 1.109392569003747470e-01 4.888921422161657954e-02 1.968815705570070985e-09 9.403819135724779121e-01
6.731516048071566161e+01 2.185797349744773160e-02 1.109392569003747470e-01 4.888921422161657954e-02 1.968815705570070985e-09 9.403819135724779121e-01
6.731516048071566161e+01 2.185797349744773160e-02 1.109392569003747470e-01 4.888921422161657954e-02 1.968815705570070985e-09 9.403819135724779121e-01
6.741704229633087664e+01 2.181565374373364841e-02 1.107923636090977493e-01 4.870008090723119271e-02 1.963520860941728960e-09 9.393713557541001347e-01
6.753935463248650706e+01 2.188434075889198610e-02 1.106560673086800922e-01 4.973051379508183073e-02 1.988729529986231364e-09 9.407364163194823492e-01
6.753935463248650706e+01 2.188434075889198610e-02 1.106560673086800922e-01 4.973051379508183073e-02 1.988729529986231364e-09 9.407364163194823492e-01
6.756954875562999518e+01 2.187278465025613988e-02 1.105222087797125829e-01 4.922550410234100005e-02 1.974890559431213244e-09 9.398524025859488207e-01
6.756954875562999518e+01 2.187278465025613988e-02 1.105222087797125829e-01 4.922550410234100005e-02 1.974890559431213244e-09 9.398524025859488207e-01
6.756954875562999518e+01 2.187278465025613988e-02 1.105222087797125829e-01 4.922550410234100005e-02 1.974890559431213244e-09 9.398524025859488207e-01
6.756954875562999518e+01 2.187278465025613988e-02 1.105222087797125829e-01 4.922550410234100005e-02 1.974890559431213244e-09 9.398524025859488207e-01
6.756954875562999518e+01 2.187278465025613988e-02 1.105222087797125829e-01 4.922550410234100005e-02 1.974890559431213244e-09 9.398524025859488207e-01
6.756954875562999518e+01 2.187278465025613988e-02 1.105222087797125829e-01 4.922550410234100005e-02 1.974890559431213244e-09 9.398524025859488207e-01
6.756954875562999518e+01 2.187278465025613988e-02 1.105222087797125829e-01 4.922550410234100005e-02 1.974890559431213244e-09 9.398524025859488207e-01
6.756954875562999518e+01 2.187278465025613988e-02 1.105222087797125829e-01 4.922550410234100005e-02 1.974890559431213244e-09 9.398524025859488207e-01
6.756954875562999518e+01 2.187278465025613988e-02 1.105222087797125829e-01 4.922550410234100005e-02 1.974890559431213244e-09 9.398524025859488207e-01
6.756954875562999518e+01 2.187278465025613988e-02 1.105222087797125829e-01 4.922550410234100005e-02 1.974890559431213244e-09 9.398524025859488207e-01
6.756954875562999518e+01 2.187278465025613988e-02 1.105222087797125829e-01 4.922550410234100005e-02 1.974890559431213244e-09 9.398524025859488207e-01
6.749411635002137189e+01 2.186799100923520270e-02 1.106223639175667600e-01 4.925057500294884733e-02 1.975966915971812482e-09 9.395709470418039944e-01
6.750094459270788150e+01 2.186934943763173961e-02 1.105806549319041376e-01 4.958325184676626307e-02 1.983111628936126424e-09 9.397008288279046218e-01
6.750094459270788150e+01 2.186934943763173961e-02 1.105806549319041376e-01 4.958325184676626307e-02 1.983111628936126424e-09 9.397008288279046218e-01
6.750094459270788150e+01 2.186934943763173961e-02 1.105806549319041376e-01 4.958325184676626307e-02 1.983111628936126424e-09 9.397008288279046218e-01
0.000000000000000000e+00 0.000000000000000000e+00 0.000000000000000000e+00 0.000000000000000000e+00 0.000000000000000000e+00 0.000000000000000000e+00
0.000000000000000000e+00 0.000000000000000000e+00 0.000000000000000000e+00 0.000000000000000000e+00 0.000000000000000000e+00 0.000000000000000000e+00
0.000000000000000000e+00 0.000000000000000000e+00 0.000000000000000000e+00 0.000000000000000000e+00 0.000000000000000000e+00 0.000000000000000000e+00
0.000000000000000000e+00 0.000000000000000000e+00 0.000000000000000000e+00 0.000000000000000000e+00 0.000000000000000000e+00 0.000000000000000000e+00
0.000000000000000000e+00 0.000000000000000000e+00 0.000000000000000000e+00 0.000000000000000000e+00 0.000000000000000000e+00 0.000000000000000000e+00
0.000000000000000000e+00 0.000000000000000000e+00 0.000000000000000000e+00 0.000000000000000000e+00 0.000000000000000000e+00 0.000000000000000000e+00
0.000000000000000000e+00 0.000000000000000000e+00 0.000000000000000000e+00 0.000000000000000000e+00 0.000000000000000000e+00 0.000000000000000000e+00
0.000000000000000000e+00 0.000000000000000000e+00 0.000000000000000000e+00 0.000000000000000000e+00 0.000000000000000000e+00 0.000000000000000000e+00
0.000000000000000000e+00 0.000000000000000000e+00 0.000000000000000000e+00 0.000000000000000000e+00 0.000000000000000000e+00 0.000000000000000000e+00
0.000000000000000000e+00 0.000000000000000000e+00 0.000000000000000000e+00 0.000000000000000000e+00 0.000000000000000000e+00 0.000000000000000000e+00
0.000000000000000000e+00 0.000000000000000000e+00 0.000000000000000000e+00 0.000000000000000000e+00 0.000000000000000000e+00 0.000000000000000000e+00
0.000000000000000000e+00 0.000000000000000000e+00 0.000000000000000000e+00 0.000000000000000000e+00 0.000000000000000000e+00 0.000000000000000000e+00
0.000000000000000000e+00 0.000000000000000000e+00 0.000000000000000000e+00 0.000000000000000000e+00 0.000000000000000000e+00 0.000000000000000000e+00
0.000000000000000000e+00 0.000000000000000000e+00 0.000000000000000000e+00 0.000000000000000000e+00 0.000000000000000000e+00 0.000000000000000000e+00
0.000000000000000000e+00 0.000000000000000000e+00 0.000000000000000000e+00 0.000000000000000000e+00 0.000000000000000000e+00 0.000000000000000000e+00
0.000000000000000000e+00 0.000000000000000000e+00 0.000000000000000000e+00 0.000000000000000000e+00 0.000000000000000000e+00 0.000000000000000000e+00
0.000000000000000000e+00 0.000000000000000000e+00 0.000000000000000000e+00 0.000000000000000000e+00 0.000000000000000000e+00 0.000000000000000000e+00
0.000000000000000000e+00 0.000000000000000000e+00 0.000000000000000000e+00 0.000000000000000000e+00 0.000000000000000000e+00 0.000000000000000000e+00
0.000000000000000000e+00 0.000000000000000000e+00 0.000000000000000000e+00 0.000000000000000000e+00 0.000000000000000000e+00 0.000000000000000000e+00
0.000000000000000000e+00 0.000000000000000000e+00 0.000000000000000000e+00 0.000000000000000000e+00 0.000000000000000000e+00 0.000000000000000000e+00
0.000000000000000000e+00 0.000000000000000000e+00 0.000000000000000000e+00 0.000000000000000000e+00 0.000000000000000000e+00 0.000000000000000000e+00
0.000000000000000000e+00 0.000000000000000000e+00 0.000000000000000000e+00 0.000000000000000000e+00 0.000000000000000000e+00 0.000000000000000000e+00
0.000000000000000000e+00 0.000000000000000000e+00 0.000000000000000000e+00 0.000000000000000000e+00 0.000000000000000000e+00 0.000000000000000000e+00
0.000000000000000000e+00 0.000000000000000000e+00 0.000000000000000000e+00 0.000000000000000000e+00 0.000000000000000000e+00 0.000000000000000000e+00
0.000000000000000000e+00 0.000000000000000000e+00 0.000000000000000000e+00 0.000000000000000000e+00 0.000000000000000000e+00 0.000000000000000000e+00
0.000000000000000000e+00 0.000000000000000000e+00 0.000000000000000000e+00 0.000000000000000000e+00 0.000000000000000000e+00 0.000000000000000000e+00
0.000000000000000000e+00 0.000000000000000000e+00 0.000000000000000000e+00 0.000000000000000000e+00 0.000000000000000000e+00 0.000000000000000000e+00
0.000000000000000000e+00 0.000000000000000000e+00 0.000000000000000000e+00 0.000000000000000000e+00 0.000000000000000000e+00 0.000000000000000000e+00
0.000000000000000000e+00 0.000000000000000000e+00 0.000000000000000000e+00 0.000000000000000000e+00 0.000000000000000000e+00 0.000000000000000000e+00
0.000000000000000000e+00 0.000000000000000000e+00 0.000000000000000000e+00 0.000000000000000000e+00 0.000000000000000000e+00 0.000000000000000000e+00
0.000000000000000000e+00 0.000000000000000000e+00 0.000000000000000000e+00 0.000000000000000000e+00 0.000000000000000000e+00 0.000000000000000000e+00
0.000000000000000000e+00 0.000000000000000000e+00 0.000000000000000000e+00 0.000000000000000000e+00 0.000000000000000000e+00 0.000000000000000000e+00
0.000000000000000000e+00 0.000000000000000000e+00 0.000000000000000000e+00 0.000000000000000000e+00 0.000000000000000000e+00 0.000000000000000000e+00
0.000000000000000000e+00 0.000000000000000000e+00 0.000000000000000000e+00 0.000000000000000000e+00 0.000000000000000000e+00 0.000000000000000000e+00
0.000000000000000000e+00 0.000000000000000000e+00 0.000000000000000000e+00 0.000000000000000000e+00 0.000000000000000000e+00 0.000000000000000000e+00
0.000000000000000000e+00 0.000000000000000000e+00 0.000000000000000000e+00 0.000000000000000000e+00 0.000000000000000000e+00 0.000000000000000000e+00
0.000000000000000000e+00 0.000000000000000000e+00 0.000000000000000000e+00 0.000000000000000000e+00 0.000000000000000000e+00 0.000000000000000000e+00
0.000000000000000000e+00 0.000000000000000000e+00 0.000000000000000000e+00 0.000000000000000000e+00 0.000000000000000000e+00 0.000000000000000000e+00
0.000000000000000000e+00 0.000000000000000000e+00 0.000000000000000000e+00 0.000000000000000000e+00 0.000000000000000000e+00 0.000000000000000000e+00
0.000000000000000000e+00 0.000000000000000000e+00 0.000000000000000000e+00 0.000000000000000000e+00 0.000000000000000000e+00 0.000000000000000000e+00
0.000000000000000000e+00 0.000000000000000000e+00 0.000000000000000000e+00 0.000000000000000000e+00 0.000000000000000000e+00 0.000000000000000000e+00
0.000000000000000000e+00 0.000000000000000000e+00 0.000000000000000000e+00 0.000000000000000000e+00 0.000000000000000000e+00 0.000000000000000000e+00
0.000000000000000000e+00 0.000000000000000000e+00 0.000000000000000000e+00 0.000000000000000000e+00 0.000000000000000000e+00 0.000000000000000000e+00
0.000000000000000000e+00 0.000000000000000000e+00 0.000000000000000000e+00 0.000000000000000000e+00 0.000000000000000000e+00 0.000000000000000000e+00
0.000000000000000000e+00 0.000000000000000000e+00 0.000000000000000000e+00 0.000000000000000000e+00 0.000000000000000000e+00 0.000000000000000000e+00
0.000000000000000000e+00 0.000000000000000000e+00 0.000000000000000000e+00 0.000000000000000000e+00 0.000000000000000000e+00 0.000000000000000000e+00
0.000000000000000000e+00 0.000000000000000000e+00 0.000000000000000000e+00 0.000000000000000000e+00 0.000000000000000000e+00 0.000000000000000000e+00
0.000000000000000000e+00 0.000000000000000000e+00 0.000000000000000000e+00 0.000000000000000000e+00 0.000000000000000000e+00 0.000000000000000000e+00
0.000000000000000000e+00 0.000000000000000000e+00 0.000000000000000000e+00 0.000000000000000000e+00 0.000000000000000000e+00 0.000000000000000000e+00
