1.245695755804763394e+03
1.245695755804763394e+03
1.245695755804763394e+03
1.245695755804763394e+03
1.245690766632672648e+03
1.245690766632672648e+03
1.246306755952443382e+03
1.246306755952443382e+03
1.246306755952443382e+03
1.246306755952443382e+03
1.246306755952443382e+03
1.246384111950508895e+03
1.246384111950508895e+03
1.246384111950508895e+03
1.246384111950508895e+03
1.246384111950508895e+03
1.246384111950508895e+03
1.245244281063940434e+03
1.246298168732666454e+03
1.246298168732666454e+03
1.246298168732666454e+03
1.246298168732666454e+03
1.246298168732666454e+03
1.246298168732666454e+03
1.246298168732666454e+03
1.246298168732666454e+03
1.246298168732666454e+03
1.246298168732666454e+03
1.246298168732666454e+03
1.246298168732666454e+03
1.246298168732666454e+03
1.246298168732666454e+03
1.246298168732666454e+03
1.246821977956260980e+03
1.246842284006092996e+03
1.246842284006092996e+03
1.245508889130552689e+03
1.245508889130552689e+03
1.245508889130552689e+03
1.245508889130552689e+03
1.245508889130552689e+03
1.245508889130552689e+03
1.245508889130552689e+03
1.245508889130552689e+03
1.245508889130552689e+03
1.245508889130552689e+03
1.245508889130552689e+03
1.245833864406445855e+03
1.246826139278798109e+03
1.246826139278798109e+03
1.246826139278798109e+03
0.000000000000000000e+00
0.000000000000000000e+00
0.000000000000000000e+00
0.000000000000000000e+00
0.000000000000000000e+00
0.000000000000000000e+00
0.000000000000000000e+00
0.000000000000000000e+00
0.000000000000000000e+00
0.000000000000000000e+00
0.000000000000000000e+00
0.000000000000000000e+00
0.000000000000000000e+00
0.000000000000000000e+00
0.000000000000000000e+00
0.000000000000000000e+00
0.000000000000000000e+00
0.000000000000000000e+00
0.000000000000000000e+00
0.000000000000000000e+00
0.000000000000000000e+00
0.000000000000000000e+00
0.000000000000000000e+00
0.000000000000000000e+00
0.000000000000000000e+00
0.000000000000000000e+00
0.000000000000000000e+00
0.000000000000000000e+00
0.000000000000000000e+00
0.000000000000000000e+00
0.000000000000000000e+00
0.000000000000000000e+00
0.000000000000000000e+00
0.000000000000000000e+00
0.000000000000000000e+00
0.000000000000000000e+00
0.000000000000000000e+00
0.000000000000000000e+00
0.000000000000000000e+00
0.000000000000000000e+00
0.000000000000000000e+00
0.000000000000000000e+00
0.000000000000000000e+00
0.000000000000000000e+00
0.000000000000000000e+00
0.000000000000000000e+00
0.000000000000000000e+00
0.000000000000000000e+00
0.000000000000000000e+00
