6.704293155897062206e+01 2.164547871341342133e-02 1.120821396739746373e-01 4.889109747432658637e-02 1.984021845283233454e-09 9.398053042103118315e-01
6.704293155897062206e+01 2.164547871341342133e-02 1.120821396739746373e-01 4.889109747432658637e-02 1.984021845283233454e-09 9.398053042103118315e-01
6.722505534603743627e+01 2.161245784038606441e-02 1.116401172427062549e-01 4.912523403863487681e-02 1.985635173954565604e-09 9.403824684529991096e-01
6.722505534603743627e+01 2.161245784038606441e-02 1.116401172427062549e-01 4.912523403863487681e-02 1.985635173954565604e-09 9.403824684529991096e-01
6.722505534603743627e+01 2.161245784038606441e-02 1.116401172427062549e-01 4.912523403863487681e-02 1.985635173954565604e-09 9.403824684529991096e-01
6.743044388850900361e+01 2.163972028530818104e-02 1.111515467005793206e-01 4.912899776252505069e-02 1.981908326614533841e-09 9.413299945860680307e-01
6.743044388850900361e+01 2.163972028530818104e-02 1.111515467005793206e-01 4.912899776252505069e-02 1.981908326614533841e-09 9.413299945860680307e-01
6.752537382903865648e+01 2.164834455692150536e-02 1.108505851838322287e-01 4.936096522788166463e-02 1.984941039098668491e-09 9.416752794150123895e-01
6.752537382903865648e+01 2.164834455692150536e-02 1.108505851838322287e-01 4.936096522788166463e-02 1.984941039098668491e-09 9.416752794150123895e-01
6.751108296672909148e+01 2.165152415562834540e-02 1.108880052392191146e-01 4.890169852875139028e-02 1.974816131508355924e-09 9.421418908387344526e-01
6.787178179943082057e+01 2.172820220804294253e-02 1.105094400182949493e-01 4.952770134658555229e-02 1.988744118192878420e-09 9.440473898110072204e-01
6.787178179943082057e+01 2.172820220804294253e-02 1.105094400182949493e-01 4.952770134658555229e-02 1.988744118192878420e-09 9.440473898110072204e-01
6.787178179943082057e+01 2.172820220804294253e-02 1.105094400182949493e-01 4.952770134658555229e-02 1.988744118192878420e-09 9.440473898110072204e-01
6.787178179943082057e+01 2.172820220804294253e-02 1.105094400182949493e-01 4.952770134658555229e-02 1.988744118192878420e-09 9.440473898110072204e-01
6.765642729518671672e+01 2.159172765534065827e-02 1.105123146588010141e-01 4.943051564249075630e-02 1.984132254029236206e-09 9.416541785778016482e-01
6.765642729518671672e+01 2.159172765534065827e-02 1.105123146588010141e-01 4.943051564249075630e-02 1.984132254029236206e-09 9.416541785778016482e-01
6.765642729518671672e+01 2.159172765534065827e-02 1.105123146588010141e-01 4.943051564249075630e-02 1.984132254029236206e-09 9.416541785778016482e-01
6.765642729518671672e+01 2.159172765534065827e-02 1.105123146588010141e-01 4.943051564249075630e-02 1.984132254029236206e-09 9.416541785778016482e-01
6.758489728724848078e+01 2.155335647667002558e-02 1.105506994557059475e-01 4.913961598520585200e-02 1.977118229451778674e-09 9.409623330056082757e-01
6.735494108312907713e+01 2.148344597303741832e-02 1.110820148350585151e-01 4.888379871344740446e-02 1.973401888868221058e-09 9.386869154256957115e-01
6.735494108312907713e+01 2.148344597303741832e-02 1.110820148350585151e-01 4.888379871344740446e-02 1.973401888868221058e-09 9.386869154256957115e-01
6.735494108312907713e+01 2.148344597303741832e-02 1.110820148350585151e-01 4.888379871344740446e-02 1.973401888868221058e-09 9.386869154256957115e-01
6.735494108312907713e+01 2.148344597303741832e-02 1.110820148350585151e-01 4.888379871344740446e-02 1.973401888868221058e-09 9.386869154256957115e-01
6.752996664297158702e+01 2.145714080708569643e-02 1.103904604325645911e-01 4.897467324975148667e-02 1.969054233358048019e-09 9.383436567391066907e-01
6.752996664297158702e+01 2.145714080708569643e-02 1.103904604325645911e-01 4.897467324975148667e-02 1.969054233358048019e-09 9.383436567391066907e-01
6.752996664297158702e+01 2.145714080708569643e-02 1.103904604325645911e-01 4.897467324975148667e-02 1.969054233358048019e-09 9.383436567391066907e-01
6.752996664297158702e+01 2.145714080708569643e-02 1.103904604325645911e-01 4.897467324975148667e-02 1.969054233358048019e-09 9.383436567391066907e-01
6.752996664297158702e+01 2.145714080708569643e-02 1.103904604325645911e-01 4.897467324975148667e-02 1.969054233358048019e-09 9.383436567391066907e-01
6.749762104617011005e+01 2.142365441956099389e-02 1.101351463866829944e-01 4.933839555157362028e-02 1.974657426590273638e-09 9.373259193717033977e-01
6.749762104617011005e+01 2.142365441956099389e-02 1.101351463866829944e-01 4.933839555157362028e-02 1.974657426590273638e-09 9.373259193717033977e-01
6.742651353175027396e+01 2.139394571489919988e-02 1.101883267194195409e-01 4.919406995798899368e-02 1.970870069332730709e-09 9.376878519744431539e-01
6.742651353175027396e+01 2.139394571489919988e-02 1.101883267194195409e-01 4.919406995798899368e-02 1.970870069332730709e-09 9.376878519744431539e-01
6.742651353175027396e+01 2.139394571489919988e-02 1.101883267194195409e-01 4.919406995798899368e-02 1.970870069332730709e-09 9.376878519744431539e-01
6.742651353175027396e+01 2.139394571489919988e-02 1.101883267194195409e-01 4.919406995798899368e-02 1.970870069332730709e-09 9.376878519744431539e-01
6.742651353175027396e+01 2.139394571489919988e-02 1.101883267194195409e-01 4.919406995798899368e-02 1.970870069332730709e-09 9.376878519744431539e-01
6.727714769125175565e+01 2.131012274533029827e-02 1.101912356073568439e-01 4.957550117708466736e-02 1.978763530848359029e-09 9.363440100117165210e-01
6.700117809763287369e+01 2.126656482370762463e-02 1.106842610752547668e-01 4.871165619652299134e-02 1.960134562710997995e-09 9.341755070988143617e-01
6.700117809763287369e+01 2.126656482370762463e-02 1.106842610752547668e-01 4.871165619652299134e-02 1.960134562710997995e-09 9.341755070988143617e-01
6.700117809763287369e+01 2.126656482370762463e-02 1.106842610752547668e-01 4.871165619652299134e-02 1.960134562710997995e-09 9.341755070988143617e-01
6.700117809763287369e+01 2.126656482370762463e-02 1.106842610752547668e-01 4.871165619652299134e-02 1.960134562710997995e-09 9.341755070988143617e-01
6.704860730313521344e+01 2.123679491903178451e-02 1.105452832551684916e-01 4.875356645349904899e-02 1.959625595413206191e-09 9.339540547164981721e-01
6.710997927423440501e+01 2.124272857686353849e-02 1.104357615152670030e-01 4.900473703975368606e-02 1.965613685584255425e-09 9.346503758713305965e-01
6.710997927423440501e+01 2.124272857686353849e-02 1.104357615152670030e-01 4.900473703975368606e-02 1.965613685584255425e-09 9.346503758713305965e-01
6.710997927423440501e+01 2.124272857686353849e-02 1.104357615152670030e-01 4.900473703975368606e-02 1.965613685584255425e-09 9.346503758713305965e-01
6.710997927423440501e+01 2.124272857686353849e-02 1.104357615152670030e-01 4.900473703975368606e-02 1.965613685584255425e-09 9.346503758713305965e-01
6.710997927423440501e+01 2.124272857686353849e-02 1.104357615152670030e-01 4.900473703975368606e-02 1.965613685584255425e-09 9.346503758713305965e-01
6.710997927423440501e+01 2.124272857686353849e-02 1.104357615152670030e-01 4.900473703975368606e-02 1.965613685584255425e-09 9.346503758713305965e-01
6.710997927423440501e+01 2.124272857686353849e-02 1.104357615152670030e-01 4.900473703975368606e-02 1.965613685584255425e-09 9.346503758713305965e-01
6.701876966928048773e+01 2.124107797700396441e-02 1.105143399443949126e-01 4.939965452106816896e-02 1.977051676018553840e-09 9.355955120980379291e-01
6.692844202135937337e+01 2.124384133178192774e-02 1.106688282514353833e-01 4.918268468967657708e-02 1.972721176726196640e-09 9.356834690461347526e-01
6.686984218751300091e+01 2.121635567002039258e-02 1.106772049926418033e-01 4.952876240756792781e-02 1.981065731097491934e-09 9.357791124126354498e-01
6.700899199238074289e+01 2.125389104720451852e-02 1.104452031599188894e-01 4.904899659436786491e-02 1.969688000660953945e-09 9.370088768922006928e-01
6.726753475881044153e+01 2.132064575326323222e-02 1.102761194443430542e-01 4.969713758169683887e-02 1.986294039335799589e-09 9.387924496628529125e-01
6.726753475881044153e+01 2.132064575326323222e-02 1.102761194443430542e-01 4.969713758169683887e-02 1.986294039335799589e-09 9.387924496628529125e-01
6.726753475881044153e+01 2.132064575326323222e-02 1.102761194443430542e-01 4.969713758169683887e-02 1.986294039335799589e-09 9.387924496628529125e-01
6.726753475881044153e+01 2.132064575326323222e-02 1.102761194443430542e-01 4.969713758169683887e-02 1.986294039335799589e-09 9.387924496628529125e-01
6.726753475881044153e+01 2.132064575326323222e-02 1.102761194443430542e-01 4.969713758169683887e-02 1.986294039335799589e-09 9.387924496628529125e-01
6.713022028632683202e+01 2.127707435133642175e-02 1.103746829414940511e-01 4.896888949738110314e-02 1.967389301931320682e-09 9.365003355914950367e-01
6.713022028632683202e+01 2.127707435133642175e-02 1.103746829414940511e-01 4.896888949738110314e-02 1.967389301931320682e-09 9.365003355914950367e-01
6.713022028632683202e+01 2.127707435133642175e-02 1.103746829414940511e-01 4.896888949738110314e-02 1.967389301931320682e-09 9.365003355914950367e-01
6.713022028632683202e+01 2.127707435133642175e-02 1.103746829414940511e-01 4.896888949738110314e-02 1.967389301931320682e-09 9.365003355914950367e-01
6.713022028632683202e+01 2.127707435133642175e-02 1.103746829414940511e-01 4.896888949738110314e-02 1.967389301931320682e-09 9.365003355914950367e-01
6.713022028632683202e+01 2.127707435133642175e-02 1.103746829414940511e-01 4.896888949738110314e-02 1.967389301931320682e-09 9.365003355914950367e-01
6.713212073412221059e+01 2.131503481791567969e-02 1.105229458086971484e-01 4.952963688054956570e-02 1.982724215960596381e-09 9.375591317543880976e-01
6.713212073412221059e+01 2.131503481791567969e-02 1.105229458086971484e-01 4.952963688054956570e-02 1.982724215960596381e-09 9.375591317543880976e-01
6.713212073412221059e+01 2.131503481791567969e-02 1.105229458086971484e-01 4.952963688054956570e-02 1.982724215960596381e-09 9.375591317543880976e-01
6.713212073412221059e+01 2.131503481791567969e-02 1.105229458086971484e-01 4.952963688054956570e-02 1.982724215960596381e-09 9.375591317543880976e-01
6.713212073412221059e+01 2.131503481791567969e-02 1.105229458086971484e-01 4.952963688054956570e-02 1.982724215960596381e-09 9.375591317543880976e-01
6.713212073412221059e+01 2.131503481791567969e-02 1.105229458086971484e-01 4.952963688054956570e-02 1.982724215960596381e-09 9.375591317543880976e-01
6.727377360612690893e+01 2.134135304771224428e-02 1.102308030527025945e-01 4.992155580785560126e-02 1.989826830990746155e-09 9.377009476848862102e-01
6.727377360612690893e+01 2.134135304771224428e-02 1.102308030527025945e-01 4.992155580785560126e-02 1.989826830990746155e-09 9.377009476848862102e-01
6.701480348709227997e+01 2.126195336068038497e-02 1.105742525572195878e-01 4.945921119800929938e-02 1.979200274902094525e-09 9.361301087324752634e-01
6.701480348709227997e+01 2.126195336068038497e-02 1.105742525572195878e-01 4.945921119800929938e-02 1.979200274902094525e-09 9.361301087324752634e-01
6.701480348709227997e+01 2.126195336068038497e-02 1.105742525572195878e-01 4.945921119800929938e-02 1.979200274902094525e-09 9.361301087324752634e-01
6.711987468131647461e+01 2.130371270428104910e-02 1.105002344657622093e-01 4.897652980115148325e-02 1.967952579839741126e-09 9.369310424843442231e-01
6.711987468131647461e+01 2.130371270428104910e-02 1.105002344657622093e-01 4.897652980115148325e-02 1.967952579839741126e-09 9.369310424843442231e-01
6.711987468131647461e+01 2.130371270428104910e-02 1.105002344657622093e-01 4.897652980115148325e-02 1.967952579839741126e-09 9.369310424843442231e-01
6.711987468131647461e+01 2.130371270428104910e-02 1.105002344657622093e-01 4.897652980115148325e-02 1.967952579839741126e-09 9.369310424843442231e-01
6.711987468131647461e+01 2.130371270428104910e-02 1.105002344657622093e-01 4.897652980115148325e-02 1.967952579839741126e-09 9.369310424843442231e-01
6.711987468131647461e+01 2.130371270428104910e-02 1.105002344657622093e-01 4.897652980115148325e-02 1.967952579839741126e-09 9.369310424843442231e-01
6.704553754295037038e+01 2.127707332909284724e-02 1.105817139388063225e-01 4.915056190069905240e-02 1.972896876198063499e-09 9.364724781069688753e-01
6.704553754295037038e+01 2.127707332909284724e-02 1.105817139388063225e-01 4.915056190069905240e-02 1.972896876198063499e-09 9.364724781069688753e-01
6.704553754295037038e+01 2.127707332909284724e-02 1.105817139388063225e-01 4.915056190069905240e-02 1.972896876198063499e-09 9.364724781069688753e-01
6.704553754295037038e+01 2.127707332909284724e-02 1.105817139388063225e-01 4.915056190069905240e-02 1.972896876198063499e-09 9.364724781069688753e-01
6.704553754295037038e+01 2.127707332909284724e-02 1.105817139388063225e-01 4.915056190069905240e-02 1.972896876198063499e-09 9.364724781069688753e-01
6.704553754295037038e+01 2.127707332909284724e-02 1.105817139388063225e-01 4.915056190069905240e-02 1.972896876198063499e-09 9.364724781069688753e-01
6.704553754295037038e+01 2.127707332909284724e-02 1.105817139388063225e-01 4.915056190069905240e-02 1.972896876198063499e-09 9.364724781069688753e-01
6.704553754295037038e+01 2.127707332909284724e-02 1.105817139388063225e-01 4.915056190069905240e-02 1.972896876198063499e-09 9.364724781069688753e-01
6.682964151598507385e+01 2.122579026645150455e-02 1.108589239137208055e-01 4.899904439591086514e-02 1.968816088371185406e-09 9.355931258282389473e-01
6.682964151598507385e+01 2.122579026645150455e-02 1.108589239137208055e-01 4.899904439591086514e-02 1.968816088371185406e-09 9.355931258282389473e-01
6.682964151598507385e+01 2.122579026645150455e-02 1.108589239137208055e-01 4.899904439591086514e-02 1.968816088371185406e-09 9.355931258282389473e-01
6.682964151598507385e+01 2.122579026645150455e-02 1.108589239137208055e-01 4.899904439591086514e-02 1.968816088371185406e-09 9.355931258282389473e-01
6.682964151598507385e+01 2.122579026645150455e-02 1.108589239137208055e-01 4.899904439591086514e-02 1.968816088371185406e-09 9.355931258282389473e-01
6.682964151598507385e+01 2.122579026645150455e-02 1.108589239137208055e-01 4.899904439591086514e-02 1.968816088371185406e-09 9.355931258282389473e-01
6.682964151598507385e+01 2.122579026645150455e-02 1.108589239137208055e-01 4.899904439591086514e-02 1.968816088371185406e-09 9.355931258282389473e-01
6.682964151598507385e+01 2.122579026645150455e-02 1.108589239137208055e-01 4.899904439591086514e-02 1.968816088371185406e-09 9.355931258282389473e-01
6.682964151598507385e+01 2.122579026645150455e-02 1.108589239137208055e-01 4.899904439591086514e-02 1.968816088371185406e-09 9.355931258282389473e-01
6.682964151598507385e+01 2.122579026645150455e-02 1.108589239137208055e-01 4.899904439591086514e-02 1.968816088371185406e-09 9.355931258282389473e-01
6.682964151598507385e+01 2.122579026645150455e-02 1.108589239137208055e-01 4.899904439591086514e-02 1.968816088371185406e-09 9.355931258282389473e-01
6.677745159122898144e+01 2.120386028631191314e-02 1.109682456722285993e-01 4.890522272521954233e-02 1.966386927468147841e-09 9.346971506249388550e-01
