1.239592638654724851e+03
1.239592638654724851e+03
1.238857158115349648e+03
1.238857158115349648e+03
1.238857158115349648e+03
1.238897258791423837e+03
1.238897258791423837e+03
1.239515477851277637e+03
1.239515477851277637e+03
1.239310941878979065e+03
1.239085104640227200e+03
1.239085104640227200e+03
1.239085104640227200e+03
1.239085104640227200e+03
1.239307141414383523e+03
1.239307141414383523e+03
1.239307141414383523e+03
1.239307141414383523e+03
1.238803447769628292e+03
1.239346150052425628e+03
1.239346150052425628e+03
1.239346150052425628e+03
1.239346150052425628e+03
1.239978358170219053e+03
1.239978358170219053e+03
1.239978358170219053e+03
1.239978358170219053e+03
1.239978358170219053e+03
1.241308653061401401e+03
1.241308653061401401e+03
1.240546387080666364e+03
1.240546387080666364e+03
1.240546387080666364e+03
1.240546387080666364e+03
1.240546387080666364e+03
1.242614798420147508e+03
1.243241929039225624e+03
1.243241929039225624e+03
1.243241929039225624e+03
1.243241929039225624e+03
1.243014897629657298e+03
1.241680324111543996e+03
1.241680324111543996e+03
1.241680324111543996e+03
1.241680324111543996e+03
1.241680324111543996e+03
1.241680324111543996e+03
1.241680324111543996e+03
1.242015547082661669e+03
1.241374596471035829e+03
1.242659443444426870e+03
1.240991011911404485e+03
1.242881792600350082e+03
1.242881792600350082e+03
1.242881792600350082e+03
1.242881792600350082e+03
1.242881792600350082e+03
1.241037369498476437e+03
1.241037369498476437e+03
1.241037369498476437e+03
1.241037369498476437e+03
1.241037369498476437e+03
1.241037369498476437e+03
1.241968220499897143e+03
1.241968220499897143e+03
1.241968220499897143e+03
1.241968220499897143e+03
1.241968220499897143e+03
1.241968220499897143e+03
1.246087226201294015e+03
1.246087226201294015e+03
1.242020487956533543e+03
1.242020487956533543e+03
1.242020487956533543e+03
1.240873188614978062e+03
1.240873188614978062e+03
1.240873188614978062e+03
1.240873188614978062e+03
1.240873188614978062e+03
1.240873188614978062e+03
1.240910595391755123e+03
1.240910595391755123e+03
1.240910595391755123e+03
1.240910595391755123e+03
1.240910595391755123e+03
1.240910595391755123e+03
1.240910595391755123e+03
1.240910595391755123e+03
1.241433548380985712e+03
1.241433548380985712e+03
1.241433548380985712e+03
1.241433548380985712e+03
1.241433548380985712e+03
1.241433548380985712e+03
1.241433548380985712e+03
1.241433548380985712e+03
1.241433548380985712e+03
1.241433548380985712e+03
1.241433548380985712e+03
1.241999560530458439e+03
