1.245695755804763394e+03
1.245695755804763394e+03
1.245695755804763394e+03
1.245695755804763394e+03
1.250970663741117733e+03
1.250970663741117733e+03
1.250970663741117733e+03
1.246347673230296550e+03
1.246347673230296550e+03
1.246347673230296550e+03
1.246347673230296550e+03
1.247599557541668673e+03
1.247599557541668673e+03
1.247599557541668673e+03
1.245792451494348143e+03
1.245792451494348143e+03
1.245792451494348143e+03
1.245749228941683214e+03
1.245749228941683214e+03
1.245430635780964622e+03
1.245430635780964622e+03
1.245430635780964622e+03
1.245430635780964622e+03
1.245430635780964622e+03
1.247503467602071396e+03
1.247503467602071396e+03
1.247809419942921068e+03
1.247809419942921068e+03
1.247809419942921068e+03
1.248441180584766244e+03
1.248245043183757616e+03
1.248245043183757616e+03
1.248245043183757616e+03
1.248245043183757616e+03
1.248245043183757616e+03
1.248245043183757616e+03
1.248245043183757616e+03
1.249301927502322542e+03
1.250124647395359261e+03
1.250124647395359261e+03
1.249572656249509009e+03
1.249572656249509009e+03
1.249960615721386830e+03
1.249960615721386830e+03
1.249960615721386830e+03
1.249960615721386830e+03
1.249960615721386830e+03
1.249960615721386830e+03
1.250185049171853507e+03
1.250185049171853507e+03
1.250185049171853507e+03
1.250185049171853507e+03
1.250185049171853507e+03
1.250185049171853507e+03
1.250185049171853507e+03
1.250185049171853507e+03
1.250185049171853507e+03
1.249432238566987053e+03
1.249432238566987053e+03
1.249432238566987053e+03
1.249432238566987053e+03
1.249432238566987053e+03
1.249432238566987053e+03
1.249432238566987053e+03
1.248969163002526329e+03
1.248969163002526329e+03
1.248969163002526329e+03
1.248969163002526329e+03
1.248798571189173799e+03
1.248798571189173799e+03
1.248798571189173799e+03
1.248798571189173799e+03
1.248798571189173799e+03
1.248798571189173799e+03
1.248798571189173799e+03
1.248798571189173799e+03
1.248798571189173799e+03
1.248798571189173799e+03
1.248798571189173799e+03
1.248798571189173799e+03
1.248798571189173799e+03
1.248798571189173799e+03
1.248953508383802273e+03
1.248953508383802273e+03
1.248953508383802273e+03
1.248953508383802273e+03
1.248953508383802273e+03
1.248953508383802273e+03
1.248953508383802273e+03
1.248953508383802273e+03
1.248953508383802273e+03
1.248953508383802273e+03
1.248953508383802273e+03
1.248953508383802273e+03
1.248953508383802273e+03
1.247517382805065836e+03
1.247517382805065836e+03
1.247517382805065836e+03
1.246526392475000648e+03
1.246526392475000648e+03
1.246526392475000648e+03
1.246526392475000648e+03
1.246526392475000648e+03
1.246526392475000648e+03
1.246526392475000648e+03
1.246526392475000648e+03
1.247131517965925013e+03
1.247800927279893585e+03
1.247800927279893585e+03
1.247800927279893585e+03
1.247800927279893585e+03
1.247800927279893585e+03
1.247800927279893585e+03
1.247800927279893585e+03
1.247800927279893585e+03
1.247800927279893585e+03
1.247800927279893585e+03
1.247800927279893585e+03
1.247800927279893585e+03
1.247800927279893585e+03
1.249440305861006436e+03
1.249440305861006436e+03
1.247134950804559139e+03
1.247134950804559139e+03
1.247134950804559139e+03
1.247134950804559139e+03
1.247134950804559139e+03
1.247127947430402401e+03
1.247127947430402401e+03
1.247127947430402401e+03
1.247127947430402401e+03
1.247127947430402401e+03
1.247127947430402401e+03
1.247127947430402401e+03
1.246332609762999709e+03
1.246058575837535273e+03
1.246058575837535273e+03
1.246058575837535273e+03
1.246058575837535273e+03
1.247051403174648840e+03
1.247051403174648840e+03
1.247051403174648840e+03
1.246777422831358763e+03
1.246777422831358763e+03
1.246777422831358763e+03
1.247392072464694593e+03
1.247392072464694593e+03
1.247392072464694593e+03
1.247392072464694593e+03
1.246160563515005833e+03
1.245963545175404761e+03
1.245963545175404761e+03
1.245963545175404761e+03
1.245963545175404761e+03
1.245963545175404761e+03
1.245963545175404761e+03
1.245963545175404761e+03
1.246404719379064318e+03
1.246404719379064318e+03
1.246404719379064318e+03
1.246404719379064318e+03
1.246404719379064318e+03
1.246404719379064318e+03
1.246404719379064318e+03
1.246404719379064318e+03
1.246404719379064318e+03
1.246404719379064318e+03
1.245991232846816729e+03
1.245991232846816729e+03
1.245237427354235479e+03
1.245237427354235479e+03
1.245237427354235479e+03
1.245237427354235479e+03
1.245237427354235479e+03
1.245237427354235479e+03
1.245823637534426553e+03
1.245823637534426553e+03
1.245823637534426553e+03
1.245823637534426553e+03
1.245823637534426553e+03
1.244437355097038107e+03
1.244437355097038107e+03
1.244437355097038107e+03
1.244437355097038107e+03
1.244437355097038107e+03
1.244437355097038107e+03
1.244437355097038107e+03
1.244437355097038107e+03
1.248075783292833648e+03
1.248075783292833648e+03
1.252480561782270797e+03
1.252480561782270797e+03
1.251483839915115823e+03
1.251483839915115823e+03
1.251483839915115823e+03
1.251483839915115823e+03
1.253022897830643615e+03
1.253022897830643615e+03
1.244824918675497884e+03
1.250736897802107251e+03
1.248744548156299061e+03
1.248744548156299061e+03
1.248744548156299061e+03
1.248744548156299061e+03
1.246217573357389938e+03
1.246217573357389938e+03
1.246217573357389938e+03
1.246217573357389938e+03
1.247297938123977019e+03
1.247297938123977019e+03
1.247297938123977019e+03
1.247297938123977019e+03
1.247297938123977019e+03
1.247297938123977019e+03
1.244125287432484356e+03
1.244125287432484356e+03
1.244125287432484356e+03
1.244125287432484356e+03
1.244125287432484356e+03
1.244125287432484356e+03
1.244125287432484356e+03
1.244125287432484356e+03
1.242282464834092480e+03
1.242282464834092480e+03
1.242282464834092480e+03
1.241964265099533122e+03
1.241964265099533122e+03
1.241964265099533122e+03
1.241964265099533122e+03
1.241964265099533122e+03
1.241964265099533122e+03
1.241752694476930174e+03
1.241752694476930174e+03
1.241752694476930174e+03
1.241752694476930174e+03
1.241752694476930174e+03
1.241752694476930174e+03
1.241752694476930174e+03
1.241752694476930174e+03
1.241752694476930174e+03
1.241752694476930174e+03
1.241752694476930174e+03
1.241752694476930174e+03
1.241752694476930174e+03
1.241752694476930174e+03
1.241837106504980966e+03
1.241837106504980966e+03
1.241837106504980966e+03
1.241313158731817566e+03
1.241313158731817566e+03
1.240836612232774996e+03
1.240836612232774996e+03
1.242375772955458615e+03
1.240024621473547541e+03
1.240024621473547541e+03
1.240024621473547541e+03
1.240024621473547541e+03
1.240024621473547541e+03
1.239432783738220223e+03
1.238609888123685096e+03
1.238609888123685096e+03
1.238609888123685096e+03
1.238609888123685096e+03
1.238609888123685096e+03
1.238609888123685096e+03
1.238609888123685096e+03
1.238609888123685096e+03
1.238287364702385275e+03
1.238287364702385275e+03
1.238287364702385275e+03
1.238287364702385275e+03
1.238287364702385275e+03
1.238287364702385275e+03
1.238287364702385275e+03
1.238287364702385275e+03
1.238287364702385275e+03
1.238287364702385275e+03
1.238287364702385275e+03
1.238772131818564731e+03
1.238772131818564731e+03
1.238772131818564731e+03
1.238772131818564731e+03
1.238772131818564731e+03
1.238772131818564731e+03
1.238772131818564731e+03
1.238772131818564731e+03
1.240392239092023601e+03
1.240392239092023601e+03
1.240392239092023601e+03
1.238716705276882294e+03
1.238716705276882294e+03
1.239005087477467669e+03
1.238510962761438805e+03
1.238510962761438805e+03
1.239264969143308463e+03
1.238154602017567413e+03
1.238154602017567413e+03
1.238154602017567413e+03
1.238154602017567413e+03
1.238154602017567413e+03
1.238154602017567413e+03
1.238154602017567413e+03
1.238154602017567413e+03
1.238154602017567413e+03
1.238154602017567413e+03
1.238154602017567413e+03
1.238078964442118831e+03
1.240868659830615343e+03
1.239745391622467650e+03
1.239745391622467650e+03
1.239745391622467650e+03
1.239745391622467650e+03
1.239745391622467650e+03
1.239745391622467650e+03
1.239275952734664315e+03
1.239275952734664315e+03
1.239925198755199972e+03
1.239925198755199972e+03
1.239494000203223322e+03
1.239494000203223322e+03
1.239494000203223322e+03
1.239494000203223322e+03
1.239494000203223322e+03
1.239494000203223322e+03
1.239494000203223322e+03
1.239494000203223322e+03
1.239494000203223322e+03
1.239302306984285451e+03
1.240726774781649510e+03
1.240726774781649510e+03
1.240726774781649510e+03
1.239082361912760916e+03
1.239082361912760916e+03
1.239082361912760916e+03
1.239082361912760916e+03
1.239322914389463904e+03
1.239322914389463904e+03
1.239322914389463904e+03
1.239322914389463904e+03
1.239322914389463904e+03
1.239322914389463904e+03
1.239322914389463904e+03
1.239322914389463904e+03
1.239488847904942077e+03
1.239488847904942077e+03
1.238701178919089671e+03
1.238701178919089671e+03
1.238701178919089671e+03
1.238701178919089671e+03
1.238701178919089671e+03
1.239209493992005719e+03
1.239209493992005719e+03
1.240410095611512361e+03
1.240410095611512361e+03
1.240410095611512361e+03
1.240410095611512361e+03
1.240410095611512361e+03
1.240410095611512361e+03
1.240410095611512361e+03
1.240410095611512361e+03
1.241222820408671396e+03
1.241222820408671396e+03
1.240049931468411160e+03
1.239363799096862522e+03
1.239363799096862522e+03
1.239363799096862522e+03
1.239363799096862522e+03
1.239532200985914869e+03
1.239532200985914869e+03
1.239532200985914869e+03
1.239532200985914869e+03
1.239532200985914869e+03
1.239532200985914869e+03
1.239532200985914869e+03
1.239532200985914869e+03
1.239532200985914869e+03
1.239532200985914869e+03
1.239532200985914869e+03
1.239532200985914869e+03
1.239532200985914869e+03
1.239532200985914869e+03
1.239532200985914869e+03
1.239532200985914869e+03
1.239532200985914869e+03
1.239532200985914869e+03
1.239532200985914869e+03
1.240489422116819924e+03
1.240489422116819924e+03
1.239595333448242400e+03
1.239595333448242400e+03
1.239595333448242400e+03
1.239595333448242400e+03
1.239595333448242400e+03
1.239595333448242400e+03
1.239595333448242400e+03
1.237742741252537598e+03
1.237560231087525153e+03
1.237652699972784831e+03
1.237326417170617106e+03
1.237326417170617106e+03
1.237326417170617106e+03
1.237326417170617106e+03
1.237326417170617106e+03
1.237326417170617106e+03
1.238129910098773280e+03
1.238129910098773280e+03
1.238129910098773280e+03
1.238129910098773280e+03
1.237552647427568218e+03
1.237552647427568218e+03
1.237552647427568218e+03
1.237552647427568218e+03
1.237552647427568218e+03
1.237552647427568218e+03
1.237552647427568218e+03
1.237552647427568218e+03
1.237632799998103337e+03
1.237632799998103337e+03
1.237632799998103337e+03
1.237642276957443528e+03
1.237642276957443528e+03
1.237081573155731348e+03
1.237081573155731348e+03
1.238282252827595585e+03
1.238282252827595585e+03
1.238282252827595585e+03
1.238282252827595585e+03
1.238282252827595585e+03
1.238282252827595585e+03
1.238282252827595585e+03
1.238282252827595585e+03
1.238282252827595585e+03
1.238282252827595585e+03
1.238282252827595585e+03
1.238282252827595585e+03
1.238282252827595585e+03
1.239339732125230967e+03
1.238751418871205942e+03
1.238751418871205942e+03
1.241877620848205424e+03
1.241877620848205424e+03
1.241877620848205424e+03
1.241877620848205424e+03
1.240935948025565267e+03
1.240935948025565267e+03
1.240935948025565267e+03
1.240935948025565267e+03
1.240935948025565267e+03
1.238746212284466310e+03
1.238746212284466310e+03
1.238746212284466310e+03
1.239042754699703210e+03
1.239042754699703210e+03
1.239042754699703210e+03
1.239639931435109020e+03
1.239639931435109020e+03
1.239639931435109020e+03
1.239639931435109020e+03
1.239639931435109020e+03
1.239639931435109020e+03
1.240073553629525804e+03
1.240073553629525804e+03
1.240073553629525804e+03
1.242383467605131045e+03
1.242383467605131045e+03
1.242028159889571725e+03
1.242028159889571725e+03
1.242028159889571725e+03
1.242028159889571725e+03
1.242027156110344322e+03
1.242027156110344322e+03
1.242027156110344322e+03
1.242027156110344322e+03
1.242027156110344322e+03
1.240978333100003965e+03
1.240978333100003965e+03
1.240978333100003965e+03
1.240296601672581573e+03
1.240296601672581573e+03
1.240296601672581573e+03
1.240296601672581573e+03
1.240296601672581573e+03
1.240296601672581573e+03
1.240296601672581573e+03
1.240296601672581573e+03
1.240296601672581573e+03
1.240296601672581573e+03
1.240296601672581573e+03
1.240069052569841460e+03
1.240069052569841460e+03
1.239592638654724851e+03
1.239592638654724851e+03
1.239592638654724851e+03
1.239592638654724851e+03
1.239592638654724851e+03
1.239592638654724851e+03
1.239592638654724851e+03
1.239592638654724851e+03
1.239592638654724851e+03
1.239592638654724851e+03
