6.718781338541444370e+01 2.184845499604048599e-02 1.110191101704221806e-01 4.950000000000000233e-02 1.984890965963673081e-09 9.408350033015923097e-01
6.718781338541444370e+01 2.184845499604048599e-02 1.110191101704221806e-01 4.950000000000000233e-02 1.984890965963673081e-09 9.408350033015923097e-01
6.718781338541444370e+01 2.184845499604048599e-02 1.110191101704221806e-01 4.950000000000000233e-02 1.984890965963673081e-09 9.408350033015923097e-01
6.718781338541444370e+01 2.184845499604048599e-02 1.110191101704221806e-01 4.950000000000000233e-02 1.984890965963673081e-09 9.408350033015923097e-01
6.752758036787452056e+01 2.190615767588924637e-02 1.104857568501503851e-01 5.015944029796981507e-02 1.997978781255075875e-09 9.423387054974843302e-01
6.752758036787452056e+01 2.190615767588924637e-02 1.104857568501503851e-01 5.015944029796981507e-02 1.997978781255075875e-09 9.423387054974843302e-01
6.752758036787452056e+01 2.190615767588924637e-02 1.104857568501503851e-01 5.015944029796981507e-02 1.997978781255075875e-09 9.423387054974843302e-01
6.773513840291177246e+01 2.188037811894146326e-02 1.097695485056030956e-01 4.890273151045168576e-02 1.962576296240805037e-09 9.419541666295959681e-01
6.773513840291177246e+01 2.188037811894146326e-02 1.097695485056030956e-01 4.890273151045168576e-02 1.962576296240805037e-09 9.419541666295959681e-01
6.773513840291177246e+01 2.188037811894146326e-02 1.097695485056030956e-01 4.890273151045168576e-02 1.962576296240805037e-09 9.419541666295959681e-01
6.773513840291177246e+01 2.188037811894146326e-02 1.097695485056030956e-01 4.890273151045168576e-02 1.962576296240805037e-09 9.419541666295959681e-01
6.761621690269709006e+01 2.186957123660501767e-02 1.100403333476808465e-01 4.868601365499262978e-02 1.959124783070475353e-09 9.418472312905196153e-01
6.761621690269709006e+01 2.186957123660501767e-02 1.100403333476808465e-01 4.868601365499262978e-02 1.959124783070475353e-09 9.418472312905196153e-01
6.761621690269709006e+01 2.186957123660501767e-02 1.100403333476808465e-01 4.868601365499262978e-02 1.959124783070475353e-09 9.418472312905196153e-01
6.777183245437728942e+01 2.187158718997131088e-02 1.096358134557604974e-01 4.902082635350569345e-02 1.964284160088244544e-09 9.421698026982956442e-01
6.777183245437728942e+01 2.187158718997131088e-02 1.096358134557604974e-01 4.902082635350569345e-02 1.964284160088244544e-09 9.421698026982956442e-01
6.777183245437728942e+01 2.187158718997131088e-02 1.096358134557604974e-01 4.902082635350569345e-02 1.964284160088244544e-09 9.421698026982956442e-01
6.783957252676002270e+01 2.185789314734467442e-02 1.093932039400216383e-01 4.902076395249934521e-02 1.962339561947592381e-09 9.424110633076132615e-01
6.783957252676002270e+01 2.185789314734467442e-02 1.093932039400216383e-01 4.902076395249934521e-02 1.962339561947592381e-09 9.424110633076132615e-01
6.805999391695760892e+01 2.186610548932699932e-02 1.088546178255520303e-01 4.923039355696551961e-02 1.963659876575645665e-09 9.431794064073764083e-01
6.805999391695760892e+01 2.186610548932699932e-02 1.088546178255520303e-01 4.923039355696551961e-02 1.963659876575645665e-09 9.431794064073764083e-01
6.805999391695760892e+01 2.186610548932699932e-02 1.088546178255520303e-01 4.923039355696551961e-02 1.963659876575645665e-09 9.431794064073764083e-01
6.805999391695760892e+01 2.186610548932699932e-02 1.088546178255520303e-01 4.923039355696551961e-02 1.963659876575645665e-09 9.431794064073764083e-01
6.805999391695760892e+01 2.186610548932699932e-02 1.088546178255520303e-01 4.923039355696551961e-02 1.963659876575645665e-09 9.431794064073764083e-01
6.796375119186025415e+01 2.185797269900444789e-02 1.088590862183109742e-01 4.960818686201891314e-02 1.972437733688417671e-09 9.427594331535188443e-01
6.796375119186025415e+01 2.185797269900444789e-02 1.088590862183109742e-01 4.960818686201891314e-02 1.972437733688417671e-09 9.427594331535188443e-01
6.804428500628948484e+01 2.183427870553517752e-02 1.086429084897773956e-01 4.890662335391702392e-02 1.952323303499353205e-09 9.414449579137832425e-01
6.804428500628948484e+01 2.183427870553517752e-02 1.086429084897773956e-01 4.890662335391702392e-02 1.952323303499353205e-09 9.414449579137832425e-01
6.804428500628948484e+01 2.183427870553517752e-02 1.086429084897773956e-01 4.890662335391702392e-02 1.952323303499353205e-09 9.414449579137832425e-01
6.808637789781654703e+01 2.185725703258362129e-02 1.083654781698523695e-01 4.916318149971855150e-02 1.955948817559805787e-09 9.414047853202528460e-01
6.817528240879050827e+01 2.186345952127190240e-02 1.081866788817629349e-01 4.932635712667445688e-02 1.958533081946917976e-09 9.418953388283075601e-01
6.817528240879050827e+01 2.186345952127190240e-02 1.081866788817629349e-01 4.932635712667445688e-02 1.958533081946917976e-09 9.418953388283075601e-01
6.817528240879050827e+01 2.186345952127190240e-02 1.081866788817629349e-01 4.932635712667445688e-02 1.958533081946917976e-09 9.418953388283075601e-01
6.817528240879050827e+01 2.186345952127190240e-02 1.081866788817629349e-01 4.932635712667445688e-02 1.958533081946917976e-09 9.418953388283075601e-01
6.817528240879050827e+01 2.186345952127190240e-02 1.081866788817629349e-01 4.932635712667445688e-02 1.958533081946917976e-09 9.418953388283075601e-01
6.817528240879050827e+01 2.186345952127190240e-02 1.081866788817629349e-01 4.932635712667445688e-02 1.958533081946917976e-09 9.418953388283075601e-01
6.817528240879050827e+01 2.186345952127190240e-02 1.081866788817629349e-01 4.932635712667445688e-02 1.958533081946917976e-09 9.418953388283075601e-01
6.820418568602387666e+01 2.188077786860630550e-02 1.081409147485597189e-01 4.948984553109414541e-02 1.962966596277802684e-09 9.418383298932754277e-01
6.825100752528764758e+01 2.186666847598438268e-02 1.078951682424160174e-01 4.955327095434421125e-02 1.963547687757397301e-09 9.419998461204562856e-01
6.825100752528764758e+01 2.186666847598438268e-02 1.078951682424160174e-01 4.955327095434421125e-02 1.963547687757397301e-09 9.419998461204562856e-01
6.815762389729565029e+01 2.186907755090307381e-02 1.080152362740535860e-01 4.896322425786860805e-02 1.949629590097704559e-09 9.419406558108249783e-01
6.815762389729565029e+01 2.186907755090307381e-02 1.080152362740535860e-01 4.896322425786860805e-02 1.949629590097704559e-09 9.419406558108249783e-01
6.827138267924168247e+01 2.188687071740895440e-02 1.077027909991192800e-01 4.910733660977732035e-02 1.950995217854169197e-09 9.421360150907363007e-01
6.827138267924168247e+01 2.188687071740895440e-02 1.077027909991192800e-01 4.910733660977732035e-02 1.950995217854169197e-09 9.421360150907363007e-01
6.827138267924168247e+01 2.188687071740895440e-02 1.077027909991192800e-01 4.910733660977732035e-02 1.950995217854169197e-09 9.421360150907363007e-01
6.827138267924168247e+01 2.188687071740895440e-02 1.077027909991192800e-01 4.910733660977732035e-02 1.950995217854169197e-09 9.421360150907363007e-01
6.827138267924168247e+01 2.188687071740895440e-02 1.077027909991192800e-01 4.910733660977732035e-02 1.950995217854169197e-09 9.421360150907363007e-01
6.827138267924168247e+01 2.188687071740895440e-02 1.077027909991192800e-01 4.910733660977732035e-02 1.950995217854169197e-09 9.421360150907363007e-01
6.823220802429675302e+01 2.186504743882855886e-02 1.077220319879657329e-01 4.901514114027828717e-02 1.949103267114325951e-09 9.415554639235030887e-01
6.823220802429675302e+01 2.186504743882855886e-02 1.077220319879657329e-01 4.901514114027828717e-02 1.949103267114325951e-09 9.415554639235030887e-01
6.823220802429675302e+01 2.186504743882855886e-02 1.077220319879657329e-01 4.901514114027828717e-02 1.949103267114325951e-09 9.415554639235030887e-01
6.823220802429675302e+01 2.186504743882855886e-02 1.077220319879657329e-01 4.901514114027828717e-02 1.949103267114325951e-09 9.415554639235030887e-01
6.823220802429675302e+01 2.186504743882855886e-02 1.077220319879657329e-01 4.901514114027828717e-02 1.949103267114325951e-09 9.415554639235030887e-01
6.823220802429675302e+01 2.186504743882855886e-02 1.077220319879657329e-01 4.901514114027828717e-02 1.949103267114325951e-09 9.415554639235030887e-01
6.823220802429675302e+01 2.186504743882855886e-02 1.077220319879657329e-01 4.901514114027828717e-02 1.949103267114325951e-09 9.415554639235030887e-01
6.823220802429675302e+01 2.186504743882855886e-02 1.077220319879657329e-01 4.901514114027828717e-02 1.949103267114325951e-09 9.415554639235030887e-01
6.823220802429675302e+01 2.186504743882855886e-02 1.077220319879657329e-01 4.901514114027828717e-02 1.949103267114325951e-09 9.415554639235030887e-01
6.836091125084510622e+01 2.192718616766248588e-02 1.077861430957507138e-01 4.909325619945859726e-02 1.952791962425705367e-09 9.426251979063806630e-01
6.836091125084510622e+01 2.192718616766248588e-02 1.077861430957507138e-01 4.909325619945859726e-02 1.952791962425705367e-09 9.426251979063806630e-01
6.836091125084510622e+01 2.192718616766248588e-02 1.077861430957507138e-01 4.909325619945859726e-02 1.952791962425705367e-09 9.426251979063806630e-01
6.836091125084510622e+01 2.192718616766248588e-02 1.077861430957507138e-01 4.909325619945859726e-02 1.952791962425705367e-09 9.426251979063806630e-01
6.836091125084510622e+01 2.192718616766248588e-02 1.077861430957507138e-01 4.909325619945859726e-02 1.952791962425705367e-09 9.426251979063806630e-01
6.836091125084510622e+01 2.192718616766248588e-02 1.077861430957507138e-01 4.909325619945859726e-02 1.952791962425705367e-09 9.426251979063806630e-01
6.836091125084510622e+01 2.192718616766248588e-02 1.077861430957507138e-01 4.909325619945859726e-02 1.952791962425705367e-09 9.426251979063806630e-01
6.830221382705765620e+01 2.194614816047799760e-02 1.080634025320608843e-01 4.900528121763023798e-02 1.953743111945096925e-09 9.429966802528312320e-01
6.830221382705765620e+01 2.194614816047799760e-02 1.080634025320608843e-01 4.900528121763023798e-02 1.953743111945096925e-09 9.429966802528312320e-01
6.830221382705765620e+01 2.194614816047799760e-02 1.080634025320608843e-01 4.900528121763023798e-02 1.953743111945096925e-09 9.429966802528312320e-01
6.830221382705765620e+01 2.194614816047799760e-02 1.080634025320608843e-01 4.900528121763023798e-02 1.953743111945096925e-09 9.429966802528312320e-01
6.846380915180107252e+01 2.200771639413821520e-02 1.080449361948816744e-01 4.889130219164430913e-02 1.951829051575879132e-09 9.440329719875074632e-01
6.846380915180107252e+01 2.200771639413821520e-02 1.080449361948816744e-01 4.889130219164430913e-02 1.951829051575879132e-09 9.440329719875074632e-01
6.846380915180107252e+01 2.200771639413821520e-02 1.080449361948816744e-01 4.889130219164430913e-02 1.951829051575879132e-09 9.440329719875074632e-01
6.846380915180107252e+01 2.200771639413821520e-02 1.080449361948816744e-01 4.889130219164430913e-02 1.951829051575879132e-09 9.440329719875074632e-01
6.846380915180107252e+01 2.200771639413821520e-02 1.080449361948816744e-01 4.889130219164430913e-02 1.951829051575879132e-09 9.440329719875074632e-01
6.846380915180107252e+01 2.200771639413821520e-02 1.080449361948816744e-01 4.889130219164430913e-02 1.951829051575879132e-09 9.440329719875074632e-01
6.846380915180107252e+01 2.200771639413821520e-02 1.080449361948816744e-01 4.889130219164430913e-02 1.951829051575879132e-09 9.440329719875074632e-01
6.846380915180107252e+01 2.200771639413821520e-02 1.080449361948816744e-01 4.889130219164430913e-02 1.951829051575879132e-09 9.440329719875074632e-01
6.846380915180107252e+01 2.200771639413821520e-02 1.080449361948816744e-01 4.889130219164430913e-02 1.951829051575879132e-09 9.440329719875074632e-01
6.846380915180107252e+01 2.200771639413821520e-02 1.080449361948816744e-01 4.889130219164430913e-02 1.951829051575879132e-09 9.440329719875074632e-01
6.846380915180107252e+01 2.200771639413821520e-02 1.080449361948816744e-01 4.889130219164430913e-02 1.951829051575879132e-09 9.440329719875074632e-01
6.846380915180107252e+01 2.200771639413821520e-02 1.080449361948816744e-01 4.889130219164430913e-02 1.951829051575879132e-09 9.440329719875074632e-01
6.846380915180107252e+01 2.200771639413821520e-02 1.080449361948816744e-01 4.889130219164430913e-02 1.951829051575879132e-09 9.440329719875074632e-01
6.846380915180107252e+01 2.200771639413821520e-02 1.080449361948816744e-01 4.889130219164430913e-02 1.951829051575879132e-09 9.440329719875074632e-01
6.859845509253192120e+01 2.202090267551463920e-02 1.078752015403798420e-01 4.958861252531651664e-02 1.968163409413582347e-09 9.451790127152932541e-01
6.859845509253192120e+01 2.202090267551463920e-02 1.078752015403798420e-01 4.958861252531651664e-02 1.968163409413582347e-09 9.451790127152932541e-01
6.859845509253192120e+01 2.202090267551463920e-02 1.078752015403798420e-01 4.958861252531651664e-02 1.968163409413582347e-09 9.451790127152932541e-01
6.859845509253192120e+01 2.202090267551463920e-02 1.078752015403798420e-01 4.958861252531651664e-02 1.968163409413582347e-09 9.451790127152932541e-01
6.859845509253192120e+01 2.202090267551463920e-02 1.078752015403798420e-01 4.958861252531651664e-02 1.968163409413582347e-09 9.451790127152932541e-01
6.859845509253192120e+01 2.202090267551463920e-02 1.078752015403798420e-01 4.958861252531651664e-02 1.968163409413582347e-09 9.451790127152932541e-01
6.859845509253192120e+01 2.202090267551463920e-02 1.078752015403798420e-01 4.958861252531651664e-02 1.968163409413582347e-09 9.451790127152932541e-01
6.859845509253192120e+01 2.202090267551463920e-02 1.078752015403798420e-01 4.958861252531651664e-02 1.968163409413582347e-09 9.451790127152932541e-01
6.859845509253192120e+01 2.202090267551463920e-02 1.078752015403798420e-01 4.958861252531651664e-02 1.968163409413582347e-09 9.451790127152932541e-01
6.859845509253192120e+01 2.202090267551463920e-02 1.078752015403798420e-01 4.958861252531651664e-02 1.968163409413582347e-09 9.451790127152932541e-01
6.859845509253192120e+01 2.202090267551463920e-02 1.078752015403798420e-01 4.958861252531651664e-02 1.968163409413582347e-09 9.451790127152932541e-01
6.859845509253192120e+01 2.202090267551463920e-02 1.078752015403798420e-01 4.958861252531651664e-02 1.968163409413582347e-09 9.451790127152932541e-01
6.859845509253192120e+01 2.202090267551463920e-02 1.078752015403798420e-01 4.958861252531651664e-02 1.968163409413582347e-09 9.451790127152932541e-01
6.869210608465957080e+01 2.203381905668031285e-02 1.078337917295040804e-01 4.945372261990998303e-02 1.965969798424457841e-09 9.458152519613459708e-01
6.869210608465957080e+01 2.203381905668031285e-02 1.078337917295040804e-01 4.945372261990998303e-02 1.965969798424457841e-09 9.458152519613459708e-01
6.869210608465957080e+01 2.203381905668031285e-02 1.078337917295040804e-01 4.945372261990998303e-02 1.965969798424457841e-09 9.458152519613459708e-01
6.853849675596671887e+01 2.200769669640525658e-02 1.081549874612102585e-01 4.911446103012372805e-02 1.960187360388097279e-09 9.449642519794421158e-01
6.853849675596671887e+01 2.200769669640525658e-02 1.081549874612102585e-01 4.911446103012372805e-02 1.960187360388097279e-09 9.449642519794421158e-01
6.853849675596671887e+01 2.200769669640525658e-02 1.081549874612102585e-01 4.911446103012372805e-02 1.960187360388097279e-09 9.449642519794421158e-01
6.853849675596671887e+01 2.200769669640525658e-02 1.081549874612102585e-01 4.911446103012372805e-02 1.960187360388097279e-09 9.449642519794421158e-01
6.853849675596671887e+01 2.200769669640525658e-02 1.081549874612102585e-01 4.911446103012372805e-02 1.960187360388097279e-09 9.449642519794421158e-01
6.853849675596671887e+01 2.200769669640525658e-02 1.081549874612102585e-01 4.911446103012372805e-02 1.960187360388097279e-09 9.449642519794421158e-01
6.853849675596671887e+01 2.200769669640525658e-02 1.081549874612102585e-01 4.911446103012372805e-02 1.960187360388097279e-09 9.449642519794421158e-01
6.853849675596671887e+01 2.200769669640525658e-02 1.081549874612102585e-01 4.911446103012372805e-02 1.960187360388097279e-09 9.449642519794421158e-01
6.844116343953994885e+01 2.197874343168141134e-02 1.081498918329351494e-01 4.920685443144702520e-02 1.961435274000429100e-09 9.444203513024678198e-01
6.837310262375918057e+01 2.196402515452413468e-02 1.081080637720599341e-01 4.894226921441031247e-02 1.954460186010891417e-09 9.441235020153447843e-01
6.837310262375918057e+01 2.196402515452413468e-02 1.081080637720599341e-01 4.894226921441031247e-02 1.954460186010891417e-09 9.441235020153447843e-01
6.837310262375918057e+01 2.196402515452413468e-02 1.081080637720599341e-01 4.894226921441031247e-02 1.954460186010891417e-09 9.441235020153447843e-01
6.837310262375918057e+01 2.196402515452413468e-02 1.081080637720599341e-01 4.894226921441031247e-02 1.954460186010891417e-09 9.441235020153447843e-01
6.837310262375918057e+01 2.196402515452413468e-02 1.081080637720599341e-01 4.894226921441031247e-02 1.954460186010891417e-09 9.441235020153447843e-01
6.837310262375918057e+01 2.196402515452413468e-02 1.081080637720599341e-01 4.894226921441031247e-02 1.954460186010891417e-09 9.441235020153447843e-01
6.837310262375918057e+01 2.196402515452413468e-02 1.081080637720599341e-01 4.894226921441031247e-02 1.954460186010891417e-09 9.441235020153447843e-01
6.837310262375918057e+01 2.196402515452413468e-02 1.081080637720599341e-01 4.894226921441031247e-02 1.954460186010891417e-09 9.441235020153447843e-01
6.837310262375918057e+01 2.196402515452413468e-02 1.081080637720599341e-01 4.894226921441031247e-02 1.954460186010891417e-09 9.441235020153447843e-01
6.837310262375918057e+01 2.196402515452413468e-02 1.081080637720599341e-01 4.894226921441031247e-02 1.954460186010891417e-09 9.441235020153447843e-01
6.837310262375918057e+01 2.196402515452413468e-02 1.081080637720599341e-01 4.894226921441031247e-02 1.954460186010891417e-09 9.441235020153447843e-01
6.837310262375918057e+01 2.196402515452413468e-02 1.081080637720599341e-01 4.894226921441031247e-02 1.954460186010891417e-09 9.441235020153447843e-01
6.837310262375918057e+01 2.196402515452413468e-02 1.081080637720599341e-01 4.894226921441031247e-02 1.954460186010891417e-09 9.441235020153447843e-01
6.857503318003173831e+01 2.198910869597974632e-02 1.076846238952475082e-01 4.858246447683517433e-02 1.943626528447893486e-09 9.454622087094308736e-01
6.857503318003173831e+01 2.198910869597974632e-02 1.076846238952475082e-01 4.858246447683517433e-02 1.943626528447893486e-09 9.454622087094308736e-01
6.871714778329642570e+01 2.202640228175257314e-02 1.076022210522418199e-01 4.883880076533397147e-02 1.950417771529434375e-09 9.466270145409395598e-01
6.871714778329642570e+01 2.202640228175257314e-02 1.076022210522418199e-01 4.883880076533397147e-02 1.950417771529434375e-09 9.466270145409395598e-01
6.871714778329642570e+01 2.202640228175257314e-02 1.076022210522418199e-01 4.883880076533397147e-02 1.950417771529434375e-09 9.466270145409395598e-01
6.871714778329642570e+01 2.202640228175257314e-02 1.076022210522418199e-01 4.883880076533397147e-02 1.950417771529434375e-09 9.466270145409395598e-01
6.871714778329642570e+01 2.202640228175257314e-02 1.076022210522418199e-01 4.883880076533397147e-02 1.950417771529434375e-09 9.466270145409395598e-01
6.846585155433544401e+01 2.200149214003198697e-02 1.079498108647500565e-01 4.905105431572677477e-02 1.957653358181902749e-09 9.459340444814766657e-01
6.846585155433544401e+01 2.200149214003198697e-02 1.079498108647500565e-01 4.905105431572677477e-02 1.957653358181902749e-09 9.459340444814766657e-01
6.846585155433544401e+01 2.200149214003198697e-02 1.079498108647500565e-01 4.905105431572677477e-02 1.957653358181902749e-09 9.459340444814766657e-01
6.846585155433544401e+01 2.200149214003198697e-02 1.079498108647500565e-01 4.905105431572677477e-02 1.957653358181902749e-09 9.459340444814766657e-01
6.846585155433544401e+01 2.200149214003198697e-02 1.079498108647500565e-01 4.905105431572677477e-02 1.957653358181902749e-09 9.459340444814766657e-01
6.846585155433544401e+01 2.200149214003198697e-02 1.079498108647500565e-01 4.905105431572677477e-02 1.957653358181902749e-09 9.459340444814766657e-01
6.846585155433544401e+01 2.200149214003198697e-02 1.079498108647500565e-01 4.905105431572677477e-02 1.957653358181902749e-09 9.459340444814766657e-01
6.847568879244364837e+01 2.205321577166460476e-02 1.083704829079697451e-01 4.927286131713921880e-02 1.967921885738360838e-09 9.466648960272322499e-01
6.880013038927418734e+01 2.207342364215160793e-02 1.077523889790489020e-01 4.930080857163475494e-02 1.964683556964404337e-09 9.477296774666169599e-01
6.880013038927418734e+01 2.207342364215160793e-02 1.077523889790489020e-01 4.930080857163475494e-02 1.964683556964404337e-09 9.477296774666169599e-01
6.880013038927418734e+01 2.207342364215160793e-02 1.077523889790489020e-01 4.930080857163475494e-02 1.964683556964404337e-09 9.477296774666169599e-01
6.880013038927418734e+01 2.207342364215160793e-02 1.077523889790489020e-01 4.930080857163475494e-02 1.964683556964404337e-09 9.477296774666169599e-01
6.875777578891704422e+01 2.198715217456637810e-02 1.074827896481569123e-01 4.939060577808686292e-02 1.963046580080542808e-09 9.461423260974440863e-01
6.875777578891704422e+01 2.198715217456637810e-02 1.074827896481569123e-01 4.939060577808686292e-02 1.963046580080542808e-09 9.461423260974440863e-01
6.875777578891704422e+01 2.198715217456637810e-02 1.074827896481569123e-01 4.939060577808686292e-02 1.963046580080542808e-09 9.461423260974440863e-01
6.859905208325402270e+01 2.195212812585315906e-02 1.077737897668259448e-01 4.932476938385639553e-02 1.963057505665583428e-09 9.451088692659590507e-01
6.859905208325402270e+01 2.195212812585315906e-02 1.077737897668259448e-01 4.932476938385639553e-02 1.963057505665583428e-09 9.451088692659590507e-01
6.859905208325402270e+01 2.195212812585315906e-02 1.077737897668259448e-01 4.932476938385639553e-02 1.963057505665583428e-09 9.451088692659590507e-01
6.856167824080043260e+01 2.193946869702426833e-02 1.078637748395561702e-01 4.867037134729945702e-02 1.947624783436347046e-09 9.443126393939923480e-01
6.856167824080043260e+01 2.193946869702426833e-02 1.078637748395561702e-01 4.867037134729945702e-02 1.947624783436347046e-09 9.443126393939923480e-01
6.856167824080043260e+01 2.193946869702426833e-02 1.078637748395561702e-01 4.867037134729945702e-02 1.947624783436347046e-09 9.443126393939923480e-01
6.856167824080043260e+01 2.193946869702426833e-02 1.078637748395561702e-01 4.867037134729945702e-02 1.947624783436347046e-09 9.443126393939923480e-01
6.825427652440104964e+01 2.196838000050386347e-02 1.086969636668491807e-01 4.876526709701488327e-02 1.956959225629101455e-09 9.451061886922834665e-01
6.844994183504421414e+01 2.198959090707212211e-02 1.081947404433234727e-01 4.896933009134162018e-02 1.957928440041509742e-09 9.460027337958132332e-01
6.844994183504421414e+01 2.198959090707212211e-02 1.081947404433234727e-01 4.896933009134162018e-02 1.957928440041509742e-09 9.460027337958132332e-01
6.844994183504421414e+01 2.198959090707212211e-02 1.081947404433234727e-01 4.896933009134162018e-02 1.957928440041509742e-09 9.460027337958132332e-01
6.844994183504421414e+01 2.198959090707212211e-02 1.081947404433234727e-01 4.896933009134162018e-02 1.957928440041509742e-09 9.460027337958132332e-01
6.844994183504421414e+01 2.198959090707212211e-02 1.081947404433234727e-01 4.896933009134162018e-02 1.957928440041509742e-09 9.460027337958132332e-01
6.844994183504421414e+01 2.198959090707212211e-02 1.081947404433234727e-01 4.896933009134162018e-02 1.957928440041509742e-09 9.460027337958132332e-01
6.844994183504421414e+01 2.198959090707212211e-02 1.081947404433234727e-01 4.896933009134162018e-02 1.957928440041509742e-09 9.460027337958132332e-01
6.858573205688963981e+01 2.197965634124267320e-02 1.078444315641049200e-01 4.878132981155665349e-02 1.950986863488541768e-09 9.464698294649991350e-01
6.858573205688963981e+01 2.197965634124267320e-02 1.078444315641049200e-01 4.878132981155665349e-02 1.950986863488541768e-09 9.464698294649991350e-01
6.858573205688963981e+01 2.197965634124267320e-02 1.078444315641049200e-01 4.878132981155665349e-02 1.950986863488541768e-09 9.464698294649991350e-01
6.858573205688963981e+01 2.197965634124267320e-02 1.078444315641049200e-01 4.878132981155665349e-02 1.950986863488541768e-09 9.464698294649991350e-01
6.858573205688963981e+01 2.197965634124267320e-02 1.078444315641049200e-01 4.878132981155665349e-02 1.950986863488541768e-09 9.464698294649991350e-01
6.858573205688963981e+01 2.197965634124267320e-02 1.078444315641049200e-01 4.878132981155665349e-02 1.950986863488541768e-09 9.464698294649991350e-01
6.858573205688963981e+01 2.197965634124267320e-02 1.078444315641049200e-01 4.878132981155665349e-02 1.950986863488541768e-09 9.464698294649991350e-01
6.858573205688963981e+01 2.197965634124267320e-02 1.078444315641049200e-01 4.878132981155665349e-02 1.950986863488541768e-09 9.464698294649991350e-01
6.858573205688963981e+01 2.197965634124267320e-02 1.078444315641049200e-01 4.878132981155665349e-02 1.950986863488541768e-09 9.464698294649991350e-01
6.858573205688963981e+01 2.197965634124267320e-02 1.078444315641049200e-01 4.878132981155665349e-02 1.950986863488541768e-09 9.464698294649991350e-01
6.885457529004297328e+01 2.198466540056312132e-02 1.072643454431162630e-01 4.881759356966389185e-02 1.948160515989520536e-09 9.474014024877505102e-01
6.885457529004297328e+01 2.198466540056312132e-02 1.072643454431162630e-01 4.881759356966389185e-02 1.948160515989520536e-09 9.474014024877505102e-01
6.904126105918560086e+01 2.202900005166339575e-02 1.070290883365497686e-01 4.892031141430554925e-02 1.950654872962965567e-09 9.486340333046883178e-01
6.904126105918560086e+01 2.202900005166339575e-02 1.070290883365497686e-01 4.892031141430554925e-02 1.950654872962965567e-09 9.486340333046883178e-01
6.904126105918560086e+01 2.202900005166339575e-02 1.070290883365497686e-01 4.892031141430554925e-02 1.950654872962965567e-09 9.486340333046883178e-01
6.904126105918560086e+01 2.202900005166339575e-02 1.070290883365497686e-01 4.892031141430554925e-02 1.950654872962965567e-09 9.486340333046883178e-01
6.904126105918560086e+01 2.202900005166339575e-02 1.070290883365497686e-01 4.892031141430554925e-02 1.950654872962965567e-09 9.486340333046883178e-01
6.904126105918560086e+01 2.202900005166339575e-02 1.070290883365497686e-01 4.892031141430554925e-02 1.950654872962965567e-09 9.486340333046883178e-01
6.917586378347535003e+01 2.207661462500021959e-02 1.069810870098476113e-01 4.872271200255205020e-02 1.945984462473645520e-09 9.495018426890710073e-01
6.917586378347535003e+01 2.207661462500021959e-02 1.069810870098476113e-01 4.872271200255205020e-02 1.945984462473645520e-09 9.495018426890710073e-01
6.917586378347535003e+01 2.207661462500021959e-02 1.069810870098476113e-01 4.872271200255205020e-02 1.945984462473645520e-09 9.495018426890710073e-01
6.917586378347535003e+01 2.207661462500021959e-02 1.069810870098476113e-01 4.872271200255205020e-02 1.945984462473645520e-09 9.495018426890710073e-01
6.917586378347535003e+01 2.207661462500021959e-02 1.069810870098476113e-01 4.872271200255205020e-02 1.945984462473645520e-09 9.495018426890710073e-01
6.944143791271231692e+01 2.208247875338428118e-02 1.064757894357900719e-01 4.906711892165201150e-02 1.950625654748643071e-09 9.502139542077533418e-01
6.944143791271231692e+01 2.208247875338428118e-02 1.064757894357900719e-01 4.906711892165201150e-02 1.950625654748643071e-09 9.502139542077533418e-01
6.944143791271231692e+01 2.208247875338428118e-02 1.064757894357900719e-01 4.906711892165201150e-02 1.950625654748643071e-09 9.502139542077533418e-01
6.944143791271231692e+01 2.208247875338428118e-02 1.064757894357900719e-01 4.906711892165201150e-02 1.950625654748643071e-09 9.502139542077533418e-01
6.944143791271231692e+01 2.208247875338428118e-02 1.064757894357900719e-01 4.906711892165201150e-02 1.950625654748643071e-09 9.502139542077533418e-01
6.944143791271231692e+01 2.208247875338428118e-02 1.064757894357900719e-01 4.906711892165201150e-02 1.950625654748643071e-09 9.502139542077533418e-01
6.944143791271231692e+01 2.208247875338428118e-02 1.064757894357900719e-01 4.906711892165201150e-02 1.950625654748643071e-09 9.502139542077533418e-01
6.944143791271231692e+01 2.208247875338428118e-02 1.064757894357900719e-01 4.906711892165201150e-02 1.950625654748643071e-09 9.502139542077533418e-01
6.942452065099620029e+01 2.203411974279775171e-02 1.062701554383456148e-01 4.978038859042156067e-02 1.965014914356467644e-09 9.496413933211964586e-01
6.942452065099620029e+01 2.203411974279775171e-02 1.062701554383456148e-01 4.978038859042156067e-02 1.965014914356467644e-09 9.496413933211964586e-01
6.924334886196824357e+01 2.199258491867706403e-02 1.067179764370733558e-01 4.807652609352131706e-02 1.927294122320316913e-09 9.482195209991985951e-01
6.924334886196824357e+01 2.199258491867706403e-02 1.067179764370733558e-01 4.807652609352131706e-02 1.927294122320316913e-09 9.482195209991985951e-01
6.949762110071979748e+01 2.204627975169652990e-02 1.063256430531959729e-01 5.013030993159471593e-02 1.973991866488281617e-09 9.500229246021890672e-01
6.949762110071979748e+01 2.204627975169652990e-02 1.063256430531959729e-01 5.013030993159471593e-02 1.973991866488281617e-09 9.500229246021890672e-01
6.949762110071979748e+01 2.204627975169652990e-02 1.063256430531959729e-01 5.013030993159471593e-02 1.973991866488281617e-09 9.500229246021890672e-01
6.949762110071979748e+01 2.204627975169652990e-02 1.063256430531959729e-01 5.013030993159471593e-02 1.973991866488281617e-09 9.500229246021890672e-01
6.954004354903925389e+01 2.205760020615393432e-02 1.062514689258998446e-01 5.021447926695840613e-02 1.976743075635636280e-09 9.507962212650598044e-01
6.954004354903925389e+01 2.205760020615393432e-02 1.062514689258998446e-01 5.021447926695840613e-02 1.976743075635636280e-09 9.507962212650598044e-01
6.920007385420227308e+01 2.205485883885098877e-02 1.069740089499694874e-01 4.948030869837689860e-02 1.964349888195407339e-09 9.499667775599444086e-01
6.892176330864032252e+01 2.200132228785473334e-02 1.075730960760167693e-01 4.818207971956263436e-02 1.935830646557706621e-09 9.481788915562566755e-01
6.910775306284358521e+01 2.209023529165782609e-02 1.075436980537337606e-01 5.000252153622116585e-02 1.982497928432554996e-09 9.505577107170088969e-01
6.910775306284358521e+01 2.209023529165782609e-02 1.075436980537337606e-01 5.000252153622116585e-02 1.982497928432554996e-09 9.505577107170088969e-01
6.910775306284358521e+01 2.209023529165782609e-02 1.075436980537337606e-01 5.000252153622116585e-02 1.982497928432554996e-09 9.505577107170088969e-01
6.910775306284358521e+01 2.209023529165782609e-02 1.075436980537337606e-01 5.000252153622116585e-02 1.982497928432554996e-09 9.505577107170088969e-01
6.914204452060320705e+01 2.211087722762682811e-02 1.076637408859390937e-01 4.834413709661900677e-02 1.945168664817251776e-09 9.511553702764077300e-01
6.914204452060320705e+01 2.211087722762682811e-02 1.076637408859390937e-01 4.834413709661900677e-02 1.945168664817251776e-09 9.511553702764077300e-01
6.914204452060320705e+01 2.211087722762682811e-02 1.076637408859390937e-01 4.834413709661900677e-02 1.945168664817251776e-09 9.511553702764077300e-01
6.914204452060320705e+01 2.211087722762682811e-02 1.076637408859390937e-01 4.834413709661900677e-02 1.945168664817251776e-09 9.511553702764077300e-01
6.912099307743730492e+01 2.215055749154898682e-02 1.077540858718353395e-01 4.829369302657535862e-02 1.944936061608127548e-09 9.509824785341615128e-01
6.912099307743730492e+01 2.215055749154898682e-02 1.077540858718353395e-01 4.829369302657535862e-02 1.944936061608127548e-09 9.509824785341615128e-01
6.912099307743730492e+01 2.215055749154898682e-02 1.077540858718353395e-01 4.829369302657535862e-02 1.944936061608127548e-09 9.509824785341615128e-01
6.912099307743730492e+01 2.215055749154898682e-02 1.077540858718353395e-01 4.829369302657535862e-02 1.944936061608127548e-09 9.509824785341615128e-01
6.912099307743730492e+01 2.215055749154898682e-02 1.077540858718353395e-01 4.829369302657535862e-02 1.944936061608127548e-09 9.509824785341615128e-01
6.912099307743730492e+01 2.215055749154898682e-02 1.077540858718353395e-01 4.829369302657535862e-02 1.944936061608127548e-09 9.509824785341615128e-01
6.904671275087433457e+01 2.219797823834754671e-02 1.082152333303311176e-01 4.957398614920604379e-02 1.980396259552785828e-09 9.517910995863325674e-01
6.904671275087433457e+01 2.219797823834754671e-02 1.082152333303311176e-01 4.957398614920604379e-02 1.980396259552785828e-09 9.517910995863325674e-01
6.904671275087433457e+01 2.219797823834754671e-02 1.082152333303311176e-01 4.957398614920604379e-02 1.980396259552785828e-09 9.517910995863325674e-01
6.904671275087433457e+01 2.219797823834754671e-02 1.082152333303311176e-01 4.957398614920604379e-02 1.980396259552785828e-09 9.517910995863325674e-01
6.904671275087433457e+01 2.219797823834754671e-02 1.082152333303311176e-01 4.957398614920604379e-02 1.980396259552785828e-09 9.517910995863325674e-01
6.904671275087433457e+01 2.219797823834754671e-02 1.082152333303311176e-01 4.957398614920604379e-02 1.980396259552785828e-09 9.517910995863325674e-01
6.904671275087433457e+01 2.219797823834754671e-02 1.082152333303311176e-01 4.957398614920604379e-02 1.980396259552785828e-09 9.517910995863325674e-01
6.904671275087433457e+01 2.219797823834754671e-02 1.082152333303311176e-01 4.957398614920604379e-02 1.980396259552785828e-09 9.517910995863325674e-01
6.873508386227264566e+01 2.216041139704647694e-02 1.088345105024009496e-01 4.913884271663229719e-02 1.973004036984314053e-09 9.501334937507057710e-01
6.873508386227264566e+01 2.216041139704647694e-02 1.088345105024009496e-01 4.913884271663229719e-02 1.973004036984314053e-09 9.501334937507057710e-01
6.873508386227264566e+01 2.216041139704647694e-02 1.088345105024009496e-01 4.913884271663229719e-02 1.973004036984314053e-09 9.501334937507057710e-01
6.865655845959328474e+01 2.217862867978468919e-02 1.092177641207776884e-01 4.894607774602584283e-02 1.971704415866657028e-09 9.500724532001920686e-01
6.865655845959328474e+01 2.217862867978468919e-02 1.092177641207776884e-01 4.894607774602584283e-02 1.971704415866657028e-09 9.500724532001920686e-01
6.865655845959328474e+01 2.217862867978468919e-02 1.092177641207776884e-01 4.894607774602584283e-02 1.971704415866657028e-09 9.500724532001920686e-01
6.865655845959328474e+01 2.217862867978468919e-02 1.092177641207776884e-01 4.894607774602584283e-02 1.971704415866657028e-09 9.500724532001920686e-01
6.865655845959328474e+01 2.217862867978468919e-02 1.092177641207776884e-01 4.894607774602584283e-02 1.971704415866657028e-09 9.500724532001920686e-01
6.865655845959328474e+01 2.217862867978468919e-02 1.092177641207776884e-01 4.894607774602584283e-02 1.971704415866657028e-09 9.500724532001920686e-01
6.854906881502398619e+01 2.212172167536824094e-02 1.093693477331525443e-01 4.897080920617850192e-02 1.972027329898172991e-09 9.487693237440095739e-01
6.854906881502398619e+01 2.212172167536824094e-02 1.093693477331525443e-01 4.897080920617850192e-02 1.972027329898172991e-09 9.487693237440095739e-01
6.854906881502398619e+01 2.212172167536824094e-02 1.093693477331525443e-01 4.897080920617850192e-02 1.972027329898172991e-09 9.487693237440095739e-01
6.854906881502398619e+01 2.212172167536824094e-02 1.093693477331525443e-01 4.897080920617850192e-02 1.972027329898172991e-09 9.487693237440095739e-01
6.854906881502398619e+01 2.212172167536824094e-02 1.093693477331525443e-01 4.897080920617850192e-02 1.972027329898172991e-09 9.487693237440095739e-01
6.854906881502398619e+01 2.212172167536824094e-02 1.093693477331525443e-01 4.897080920617850192e-02 1.972027329898172991e-09 9.487693237440095739e-01
6.854906881502398619e+01 2.212172167536824094e-02 1.093693477331525443e-01 4.897080920617850192e-02 1.972027329898172991e-09 9.487693237440095739e-01
6.854906881502398619e+01 2.212172167536824094e-02 1.093693477331525443e-01 4.897080920617850192e-02 1.972027329898172991e-09 9.487693237440095739e-01
6.854906881502398619e+01 2.212172167536824094e-02 1.093693477331525443e-01 4.897080920617850192e-02 1.972027329898172991e-09 9.487693237440095739e-01
6.854906881502398619e+01 2.212172167536824094e-02 1.093693477331525443e-01 4.897080920617850192e-02 1.972027329898172991e-09 9.487693237440095739e-01
6.854906881502398619e+01 2.212172167536824094e-02 1.093693477331525443e-01 4.897080920617850192e-02 1.972027329898172991e-09 9.487693237440095739e-01
6.854906881502398619e+01 2.212172167536824094e-02 1.093693477331525443e-01 4.897080920617850192e-02 1.972027329898172991e-09 9.487693237440095739e-01
6.854906881502398619e+01 2.212172167536824094e-02 1.093693477331525443e-01 4.897080920617850192e-02 1.972027329898172991e-09 9.487693237440095739e-01
6.854906881502398619e+01 2.212172167536824094e-02 1.093693477331525443e-01 4.897080920617850192e-02 1.972027329898172991e-09 9.487693237440095739e-01
6.833825651365631870e+01 2.207119528842204498e-02 1.097322268486767977e-01 4.888850058730753734e-02 1.971821547279217675e-09 9.475215467862762031e-01
6.833825651365631870e+01 2.207119528842204498e-02 1.097322268486767977e-01 4.888850058730753734e-02 1.971821547279217675e-09 9.475215467862762031e-01
6.833825651365631870e+01 2.207119528842204498e-02 1.097322268486767977e-01 4.888850058730753734e-02 1.971821547279217675e-09 9.475215467862762031e-01
6.822193012811500523e+01 2.203535328606623031e-02 1.100373006455700048e-01 4.937611943758498517e-02 1.985582058975280135e-09 9.473823909444011315e-01
6.822193012811500523e+01 2.203535328606623031e-02 1.100373006455700048e-01 4.937611943758498517e-02 1.985582058975280135e-09 9.473823909444011315e-01
6.799865602936837661e+01 2.203357033827392855e-02 1.105633869624606525e-01 4.933569891666265972e-02 1.988692916349212171e-09 9.473918903599649610e-01
6.799865602936837661e+01 2.203357033827392855e-02 1.105633869624606525e-01 4.933569891666265972e-02 1.988692916349212171e-09 9.473918903599649610e-01
6.806153259044192794e+01 2.210477499589914852e-02 1.109776236871031496e-01 4.975374219748168736e-02 2.003829224094430642e-09 9.488748419484123175e-01
6.770818580578239221e+01 2.207389335301538150e-02 1.117953416434300934e-01 4.944756994113526372e-02 2.001367592647019633e-09 9.474411142249627993e-01
6.770818580578239221e+01 2.207389335301538150e-02 1.117953416434300934e-01 4.944756994113526372e-02 2.001367592647019633e-09 9.474411142249627993e-01
6.770818580578239221e+01 2.207389335301538150e-02 1.117953416434300934e-01 4.944756994113526372e-02 2.001367592647019633e-09 9.474411142249627993e-01
6.770818580578239221e+01 2.207389335301538150e-02 1.117953416434300934e-01 4.944756994113526372e-02 2.001367592647019633e-09 9.474411142249627993e-01
6.770818580578239221e+01 2.207389335301538150e-02 1.117953416434300934e-01 4.944756994113526372e-02 2.001367592647019633e-09 9.474411142249627993e-01
6.784563501299953714e+01 2.210579608182952627e-02 1.115066900186031523e-01 4.929927755963824793e-02 1.996780864876635350e-09 9.485323829490175385e-01
6.782772277047675402e+01 2.210028406753595034e-02 1.116260550494005410e-01 4.903131287600787092e-02 1.993104208019256064e-09 9.488021925785434796e-01
6.782772277047675402e+01 2.210028406753595034e-02 1.116260550494005410e-01 4.903131287600787092e-02 1.993104208019256064e-09 9.488021925785434796e-01
6.782772277047675402e+01 2.210028406753595034e-02 1.116260550494005410e-01 4.903131287600787092e-02 1.993104208019256064e-09 9.488021925785434796e-01
6.782772277047675402e+01 2.210028406753595034e-02 1.116260550494005410e-01 4.903131287600787092e-02 1.993104208019256064e-09 9.488021925785434796e-01
6.782772277047675402e+01 2.210028406753595034e-02 1.116260550494005410e-01 4.903131287600787092e-02 1.993104208019256064e-09 9.488021925785434796e-01
6.782772277047675402e+01 2.210028406753595034e-02 1.116260550494005410e-01 4.903131287600787092e-02 1.993104208019256064e-09 9.488021925785434796e-01
6.782772277047675402e+01 2.210028406753595034e-02 1.116260550494005410e-01 4.903131287600787092e-02 1.993104208019256064e-09 9.488021925785434796e-01
6.782772277047675402e+01 2.210028406753595034e-02 1.116260550494005410e-01 4.903131287600787092e-02 1.993104208019256064e-09 9.488021925785434796e-01
6.777796999593346072e+01 2.210248997093226461e-02 1.119338217260128915e-01 4.900271529846308982e-02 1.994172109239954236e-09 9.484571939336299273e-01
6.777796999593346072e+01 2.210248997093226461e-02 1.119338217260128915e-01 4.900271529846308982e-02 1.994172109239954236e-09 9.484571939336299273e-01
6.777796999593346072e+01 2.210248997093226461e-02 1.119338217260128915e-01 4.900271529846308982e-02 1.994172109239954236e-09 9.484571939336299273e-01
6.777796999593346072e+01 2.210248997093226461e-02 1.119338217260128915e-01 4.900271529846308982e-02 1.994172109239954236e-09 9.484571939336299273e-01
6.777796999593346072e+01 2.210248997093226461e-02 1.119338217260128915e-01 4.900271529846308982e-02 1.994172109239954236e-09 9.484571939336299273e-01
6.777796999593346072e+01 2.210248997093226461e-02 1.119338217260128915e-01 4.900271529846308982e-02 1.994172109239954236e-09 9.484571939336299273e-01
6.777796999593346072e+01 2.210248997093226461e-02 1.119338217260128915e-01 4.900271529846308982e-02 1.994172109239954236e-09 9.484571939336299273e-01
6.777796999593346072e+01 2.210248997093226461e-02 1.119338217260128915e-01 4.900271529846308982e-02 1.994172109239954236e-09 9.484571939336299273e-01
6.777796999593346072e+01 2.210248997093226461e-02 1.119338217260128915e-01 4.900271529846308982e-02 1.994172109239954236e-09 9.484571939336299273e-01
6.777796999593346072e+01 2.210248997093226461e-02 1.119338217260128915e-01 4.900271529846308982e-02 1.994172109239954236e-09 9.484571939336299273e-01
6.777796999593346072e+01 2.210248997093226461e-02 1.119338217260128915e-01 4.900271529846308982e-02 1.994172109239954236e-09 9.484571939336299273e-01
6.788360584251161356e+01 2.207867402817925706e-02 1.115064917970208375e-01 4.918608515719478241e-02 1.994632997444045710e-09 9.480438290908249632e-01
6.788360584251161356e+01 2.207867402817925706e-02 1.115064917970208375e-01 4.918608515719478241e-02 1.994632997444045710e-09 9.480438290908249632e-01
6.788360584251161356e+01 2.207867402817925706e-02 1.115064917970208375e-01 4.918608515719478241e-02 1.994632997444045710e-09 9.480438290908249632e-01
6.788360584251161356e+01 2.207867402817925706e-02 1.115064917970208375e-01 4.918608515719478241e-02 1.994632997444045710e-09 9.480438290908249632e-01
6.788360584251161356e+01 2.207867402817925706e-02 1.115064917970208375e-01 4.918608515719478241e-02 1.994632997444045710e-09 9.480438290908249632e-01
6.788360584251161356e+01 2.207867402817925706e-02 1.115064917970208375e-01 4.918608515719478241e-02 1.994632997444045710e-09 9.480438290908249632e-01
6.788360584251161356e+01 2.207867402817925706e-02 1.115064917970208375e-01 4.918608515719478241e-02 1.994632997444045710e-09 9.480438290908249632e-01
6.788360584251161356e+01 2.207867402817925706e-02 1.115064917970208375e-01 4.918608515719478241e-02 1.994632997444045710e-09 9.480438290908249632e-01
6.774015418648464504e+01 2.201928368244316161e-02 1.115334823875775844e-01 4.873774986753075938e-02 1.981211464323945945e-09 9.463868301880229428e-01
6.774015418648464504e+01 2.201928368244316161e-02 1.115334823875775844e-01 4.873774986753075938e-02 1.981211464323945945e-09 9.463868301880229428e-01
6.774015418648464504e+01 2.201928368244316161e-02 1.115334823875775844e-01 4.873774986753075938e-02 1.981211464323945945e-09 9.463868301880229428e-01
6.754097127031587888e+01 2.201221246186626720e-02 1.121247740445496383e-01 4.907514940934303710e-02 1.994407942158335765e-09 9.463472561212279421e-01
6.754097127031587888e+01 2.201221246186626720e-02 1.121247740445496383e-01 4.907514940934303710e-02 1.994407942158335765e-09 9.463472561212279421e-01
6.748865469972054143e+01 2.204739038408928473e-02 1.124891554115184517e-01 4.949930777316539215e-02 2.008268916900113234e-09 9.475146362611668316e-01
6.747375721539931703e+01 2.206171579156241541e-02 1.125580829812478922e-01 4.904941014764024887e-02 1.998027766438988051e-09 9.469071130403181602e-01
6.747375721539931703e+01 2.206171579156241541e-02 1.125580829812478922e-01 4.904941014764024887e-02 1.998027766438988051e-09 9.469071130403181602e-01
6.745800997186071868e+01 2.207141044111704878e-02 1.125438869304753869e-01 4.883619896935312288e-02 1.992836693528315179e-09 9.469911078821137140e-01
6.763130019723593023e+01 2.207398716369411706e-02 1.122573123173312287e-01 4.888651272565158051e-02 1.993696216506160284e-09 9.480193956510843956e-01
6.763130019723593023e+01 2.207398716369411706e-02 1.122573123173312287e-01 4.888651272565158051e-02 1.993696216506160284e-09 9.480193956510843956e-01
6.763130019723593023e+01 2.207398716369411706e-02 1.122573123173312287e-01 4.888651272565158051e-02 1.993696216506160284e-09 9.480193956510843956e-01
6.763130019723593023e+01 2.207398716369411706e-02 1.122573123173312287e-01 4.888651272565158051e-02 1.993696216506160284e-09 9.480193956510843956e-01
6.763130019723593023e+01 2.207398716369411706e-02 1.122573123173312287e-01 4.888651272565158051e-02 1.993696216506160284e-09 9.480193956510843956e-01
6.763130019723593023e+01 2.207398716369411706e-02 1.122573123173312287e-01 4.888651272565158051e-02 1.993696216506160284e-09 9.480193956510843956e-01
6.763130019723593023e+01 2.207398716369411706e-02 1.122573123173312287e-01 4.888651272565158051e-02 1.993696216506160284e-09 9.480193956510843956e-01
6.763130019723593023e+01 2.207398716369411706e-02 1.122573123173312287e-01 4.888651272565158051e-02 1.993696216506160284e-09 9.480193956510843956e-01
6.763130019723593023e+01 2.207398716369411706e-02 1.122573123173312287e-01 4.888651272565158051e-02 1.993696216506160284e-09 9.480193956510843956e-01
6.763130019723593023e+01 2.207398716369411706e-02 1.122573123173312287e-01 4.888651272565158051e-02 1.993696216506160284e-09 9.480193956510843956e-01
6.763130019723593023e+01 2.207398716369411706e-02 1.122573123173312287e-01 4.888651272565158051e-02 1.993696216506160284e-09 9.480193956510843956e-01
6.761213462106219652e+01 2.206507396176620936e-02 1.122430408933229318e-01 4.924114673233779410e-02 2.001423502692849034e-09 9.480632886942119697e-01
6.762655276848533958e+01 2.206223289342809993e-02 1.120740463469354770e-01 4.968647234629240683e-02 2.010133063678793077e-09 9.479387361072912910e-01
6.752081517522405818e+01 2.197273895520778300e-02 1.119214467570081306e-01 4.878452494431591291e-02 1.985029742872070141e-09 9.457982731529178677e-01
6.752081517522405818e+01 2.197273895520778300e-02 1.119214467570081306e-01 4.878452494431591291e-02 1.985029742872070141e-09 9.457982731529178677e-01
6.752081517522405818e+01 2.197273895520778300e-02 1.119214467570081306e-01 4.878452494431591291e-02 1.985029742872070141e-09 9.457982731529178677e-01
6.752081517522405818e+01 2.197273895520778300e-02 1.119214467570081306e-01 4.878452494431591291e-02 1.985029742872070141e-09 9.457982731529178677e-01
6.752081517522405818e+01 2.197273895520778300e-02 1.119214467570081306e-01 4.878452494431591291e-02 1.985029742872070141e-09 9.457982731529178677e-01
6.752081517522405818e+01 2.197273895520778300e-02 1.119214467570081306e-01 4.878452494431591291e-02 1.985029742872070141e-09 9.457982731529178677e-01
6.758194164354084421e+01 2.197661309311631228e-02 1.116308045641141028e-01 4.921112340929393453e-02 1.993429736463767614e-09 9.464483812941890672e-01
6.758194164354084421e+01 2.197661309311631228e-02 1.116308045641141028e-01 4.921112340929393453e-02 1.993429736463767614e-09 9.464483812941890672e-01
6.786830179808676178e+01 2.202609250365371654e-02 1.110942049337723669e-01 4.880640501592609787e-02 1.980646366571919462e-09 9.475235688868345330e-01
6.786830179808676178e+01 2.202609250365371654e-02 1.110942049337723669e-01 4.880640501592609787e-02 1.980646366571919462e-09 9.475235688868345330e-01
6.792632240846172920e+01 2.203201854305779708e-02 1.108970574338988824e-01 4.900026065957409360e-02 1.984138859084076995e-09 9.478856943968551052e-01
6.792632240846172920e+01 2.203201854305779708e-02 1.108970574338988824e-01 4.900026065957409360e-02 1.984138859084076995e-09 9.478856943968551052e-01
6.792632240846172920e+01 2.203201854305779708e-02 1.108970574338988824e-01 4.900026065957409360e-02 1.984138859084076995e-09 9.478856943968551052e-01
6.792632240846172920e+01 2.203201854305779708e-02 1.108970574338988824e-01 4.900026065957409360e-02 1.984138859084076995e-09 9.478856943968551052e-01
6.792632240846172920e+01 2.203201854305779708e-02 1.108970574338988824e-01 4.900026065957409360e-02 1.984138859084076995e-09 9.478856943968551052e-01
6.792632240846172920e+01 2.203201854305779708e-02 1.108970574338988824e-01 4.900026065957409360e-02 1.984138859084076995e-09 9.478856943968551052e-01
6.792632240846172920e+01 2.203201854305779708e-02 1.108970574338988824e-01 4.900026065957409360e-02 1.984138859084076995e-09 9.478856943968551052e-01
6.792632240846172920e+01 2.203201854305779708e-02 1.108970574338988824e-01 4.900026065957409360e-02 1.984138859084076995e-09 9.478856943968551052e-01
6.792632240846172920e+01 2.203201854305779708e-02 1.108970574338988824e-01 4.900026065957409360e-02 1.984138859084076995e-09 9.478856943968551052e-01
6.792309520813367385e+01 2.200772226976851001e-02 1.109019069782738731e-01 4.907138521681176507e-02 1.985232388443797274e-09 9.473416866371580092e-01
6.764178091369549861e+01 2.197157433318833175e-02 1.118426044048242002e-01 4.856097230401618808e-02 1.979364523547196916e-09 9.454123764787083495e-01
6.764178091369549861e+01 2.197157433318833175e-02 1.118426044048242002e-01 4.856097230401618808e-02 1.979364523547196916e-09 9.454123764787083495e-01
6.764178091369549861e+01 2.197157433318833175e-02 1.118426044048242002e-01 4.856097230401618808e-02 1.979364523547196916e-09 9.454123764787083495e-01
6.780420175728677634e+01 2.199843239749651666e-02 1.115035935714365628e-01 4.926465680854811430e-02 1.995014596528337795e-09 9.462606412676838330e-01
6.780420175728677634e+01 2.199843239749651666e-02 1.115035935714365628e-01 4.926465680854811430e-02 1.995014596528337795e-09 9.462606412676838330e-01
6.780420175728677634e+01 2.199843239749651666e-02 1.115035935714365628e-01 4.926465680854811430e-02 1.995014596528337795e-09 9.462606412676838330e-01
6.780420175728677634e+01 2.199843239749651666e-02 1.115035935714365628e-01 4.926465680854811430e-02 1.995014596528337795e-09 9.462606412676838330e-01
6.790181953663034164e+01 2.199513698982066140e-02 1.113738221133984962e-01 4.941355445061097751e-02 1.998477943642691902e-09 9.466814811530790408e-01
6.790181953663034164e+01 2.199513698982066140e-02 1.113738221133984962e-01 4.941355445061097751e-02 1.998477943642691902e-09 9.466814811530790408e-01
6.790181953663034164e+01 2.199513698982066140e-02 1.113738221133984962e-01 4.941355445061097751e-02 1.998477943642691902e-09 9.466814811530790408e-01
6.790181953663034164e+01 2.199513698982066140e-02 1.113738221133984962e-01 4.941355445061097751e-02 1.998477943642691902e-09 9.466814811530790408e-01
6.790181953663034164e+01 2.199513698982066140e-02 1.113738221133984962e-01 4.941355445061097751e-02 1.998477943642691902e-09 9.466814811530790408e-01
6.790181953663034164e+01 2.199513698982066140e-02 1.113738221133984962e-01 4.941355445061097751e-02 1.998477943642691902e-09 9.466814811530790408e-01
6.790181953663034164e+01 2.199513698982066140e-02 1.113738221133984962e-01 4.941355445061097751e-02 1.998477943642691902e-09 9.466814811530790408e-01
6.790181953663034164e+01 2.199513698982066140e-02 1.113738221133984962e-01 4.941355445061097751e-02 1.998477943642691902e-09 9.466814811530790408e-01
6.774925477507949267e+01 2.202796048314504748e-02 1.118886189671085690e-01 4.861308676668608247e-02 1.983358421935919089e-09 9.469141073818732046e-01
6.774925477507949267e+01 2.202796048314504748e-02 1.118886189671085690e-01 4.861308676668608247e-02 1.983358421935919089e-09 9.469141073818732046e-01
6.735075232981174054e+01 2.200810442828061292e-02 1.128545547661071041e-01 4.932224039943186589e-02 2.007586570689914451e-09 9.458997428087448922e-01
6.735075232981174054e+01 2.200810442828061292e-02 1.128545547661071041e-01 4.932224039943186589e-02 2.007586570689914451e-09 9.458997428087448922e-01
6.735075232981174054e+01 2.200810442828061292e-02 1.128545547661071041e-01 4.932224039943186589e-02 2.007586570689914451e-09 9.458997428087448922e-01
6.735075232981174054e+01 2.200810442828061292e-02 1.128545547661071041e-01 4.932224039943186589e-02 2.007586570689914451e-09 9.458997428087448922e-01
6.735075232981174054e+01 2.200810442828061292e-02 1.128545547661071041e-01 4.932224039943186589e-02 2.007586570689914451e-09 9.458997428087448922e-01
6.712028990090398395e+01 2.194752166341969180e-02 1.131121529549525967e-01 4.905651763351796812e-02 1.999404117127811047e-09 9.432548574462273905e-01
6.712028990090398395e+01 2.194752166341969180e-02 1.131121529549525967e-01 4.905651763351796812e-02 1.999404117127811047e-09 9.432548574462273905e-01
6.681234120800439769e+01 2.189977374265756130e-02 1.136821499848745948e-01 4.951428356646449258e-02 2.013842936655576861e-09 9.426055465465477123e-01
6.681234120800439769e+01 2.189977374265756130e-02 1.136821499848745948e-01 4.951428356646449258e-02 2.013842936655576861e-09 9.426055465465477123e-01
6.681234120800439769e+01 2.189977374265756130e-02 1.136821499848745948e-01 4.951428356646449258e-02 2.013842936655576861e-09 9.426055465465477123e-01
6.681234120800439769e+01 2.189977374265756130e-02 1.136821499848745948e-01 4.951428356646449258e-02 2.013842936655576861e-09 9.426055465465477123e-01
6.681234120800439769e+01 2.189977374265756130e-02 1.136821499848745948e-01 4.951428356646449258e-02 2.013842936655576861e-09 9.426055465465477123e-01
6.681234120800439769e+01 2.189977374265756130e-02 1.136821499848745948e-01 4.951428356646449258e-02 2.013842936655576861e-09 9.426055465465477123e-01
6.681234120800439769e+01 2.189977374265756130e-02 1.136821499848745948e-01 4.951428356646449258e-02 2.013842936655576861e-09 9.426055465465477123e-01
6.681234120800439769e+01 2.189977374265756130e-02 1.136821499848745948e-01 4.951428356646449258e-02 2.013842936655576861e-09 9.426055465465477123e-01
6.698608812131909929e+01 2.190866005559676671e-02 1.133395301228146551e-01 4.847416847225832076e-02 1.987274288100876638e-09 9.433858320081448534e-01
6.698608812131909929e+01 2.190866005559676671e-02 1.133395301228146551e-01 4.847416847225832076e-02 1.987274288100876638e-09 9.433858320081448534e-01
6.717728826657706520e+01 2.198049429616914102e-02 1.130634609063200513e-01 4.958208436198046493e-02 2.013613441666558064e-09 9.455181953736846445e-01
6.741531639128658071e+01 2.201242325213469478e-02 1.126156448077361150e-01 4.955057484080595959e-02 2.010611698817753011e-09 9.468734663321426437e-01
6.741531639128658071e+01 2.201242325213469478e-02 1.126156448077361150e-01 4.955057484080595959e-02 2.010611698817753011e-09 9.468734663321426437e-01
6.741531639128658071e+01 2.201242325213469478e-02 1.126156448077361150e-01 4.955057484080595959e-02 2.010611698817753011e-09 9.468734663321426437e-01
6.741531639128658071e+01 2.201242325213469478e-02 1.126156448077361150e-01 4.955057484080595959e-02 2.010611698817753011e-09 9.468734663321426437e-01
6.744789032612055735e+01 2.198869285152095857e-02 1.125010219717030163e-01 4.859464709681108469e-02 1.986629529006313689e-09 9.461480663810375447e-01
6.744789032612055735e+01 2.198869285152095857e-02 1.125010219717030163e-01 4.859464709681108469e-02 1.986629529006313689e-09 9.461480663810375447e-01
6.744789032612055735e+01 2.198869285152095857e-02 1.125010219717030163e-01 4.859464709681108469e-02 1.986629529006313689e-09 9.461480663810375447e-01
6.744789032612055735e+01 2.198869285152095857e-02 1.125010219717030163e-01 4.859464709681108469e-02 1.986629529006313689e-09 9.461480663810375447e-01
6.744789032612055735e+01 2.198869285152095857e-02 1.125010219717030163e-01 4.859464709681108469e-02 1.986629529006313689e-09 9.461480663810375447e-01
6.744789032612055735e+01 2.198869285152095857e-02 1.125010219717030163e-01 4.859464709681108469e-02 1.986629529006313689e-09 9.461480663810375447e-01
6.744789032612055735e+01 2.198869285152095857e-02 1.125010219717030163e-01 4.859464709681108469e-02 1.986629529006313689e-09 9.461480663810375447e-01
6.744789032612055735e+01 2.198869285152095857e-02 1.125010219717030163e-01 4.859464709681108469e-02 1.986629529006313689e-09 9.461480663810375447e-01
6.744789032612055735e+01 2.198869285152095857e-02 1.125010219717030163e-01 4.859464709681108469e-02 1.986629529006313689e-09 9.461480663810375447e-01
6.744789032612055735e+01 2.198869285152095857e-02 1.125010219717030163e-01 4.859464709681108469e-02 1.986629529006313689e-09 9.461480663810375447e-01
6.744789032612055735e+01 2.198869285152095857e-02 1.125010219717030163e-01 4.859464709681108469e-02 1.986629529006313689e-09 9.461480663810375447e-01
6.744789032612055735e+01 2.198869285152095857e-02 1.125010219717030163e-01 4.859464709681108469e-02 1.986629529006313689e-09 9.461480663810375447e-01
6.744789032612055735e+01 2.198869285152095857e-02 1.125010219717030163e-01 4.859464709681108469e-02 1.986629529006313689e-09 9.461480663810375447e-01
6.744789032612055735e+01 2.198869285152095857e-02 1.125010219717030163e-01 4.859464709681108469e-02 1.986629529006313689e-09 9.461480663810375447e-01
6.744789032612055735e+01 2.198869285152095857e-02 1.125010219717030163e-01 4.859464709681108469e-02 1.986629529006313689e-09 9.461480663810375447e-01
6.744789032612055735e+01 2.198869285152095857e-02 1.125010219717030163e-01 4.859464709681108469e-02 1.986629529006313689e-09 9.461480663810375447e-01
6.744789032612055735e+01 2.198869285152095857e-02 1.125010219717030163e-01 4.859464709681108469e-02 1.986629529006313689e-09 9.461480663810375447e-01
6.744789032612055735e+01 2.198869285152095857e-02 1.125010219717030163e-01 4.859464709681108469e-02 1.986629529006313689e-09 9.461480663810375447e-01
6.744789032612055735e+01 2.198869285152095857e-02 1.125010219717030163e-01 4.859464709681108469e-02 1.986629529006313689e-09 9.461480663810375447e-01
6.741076351821254775e+01 2.198257727103349740e-02 1.124547371941036350e-01 4.964335002225243876e-02 2.011563444208506412e-09 9.464493196678320786e-01
6.741076351821254775e+01 2.198257727103349740e-02 1.124547371941036350e-01 4.964335002225243876e-02 2.011563444208506412e-09 9.464493196678320786e-01
6.719287856387389013e+01 2.192828142391468199e-02 1.128101694765019786e-01 4.861329725028373100e-02 1.988568988318952417e-09 9.446769141081768906e-01
6.719287856387389013e+01 2.192828142391468199e-02 1.128101694765019786e-01 4.861329725028373100e-02 1.988568988318952417e-09 9.446769141081768906e-01
6.719287856387389013e+01 2.192828142391468199e-02 1.128101694765019786e-01 4.861329725028373100e-02 1.988568988318952417e-09 9.446769141081768906e-01
6.719287856387389013e+01 2.192828142391468199e-02 1.128101694765019786e-01 4.861329725028373100e-02 1.988568988318952417e-09 9.446769141081768906e-01
6.719287856387389013e+01 2.192828142391468199e-02 1.128101694765019786e-01 4.861329725028373100e-02 1.988568988318952417e-09 9.446769141081768906e-01
6.719287856387389013e+01 2.192828142391468199e-02 1.128101694765019786e-01 4.861329725028373100e-02 1.988568988318952417e-09 9.446769141081768906e-01
6.719287856387389013e+01 2.192828142391468199e-02 1.128101694765019786e-01 4.861329725028373100e-02 1.988568988318952417e-09 9.446769141081768906e-01
6.727977314067820203e+01 2.195186945817606886e-02 1.127922579143445514e-01 4.881233133312785216e-02 1.995053664219092431e-09 9.461320515878115511e-01
6.739646871967596553e+01 2.197644814511856212e-02 1.125337782775374801e-01 4.884983628040370091e-02 1.995024844446662882e-09 9.469959652001490591e-01
6.745118024088694142e+01 2.195144293466763999e-02 1.121840467273065023e-01 4.914030001451793334e-02 1.998755125908372453e-09 9.470901633390454988e-01
6.750125035254217210e+01 2.195694117070597084e-02 1.121467120056521410e-01 4.901802263151874839e-02 1.996432007488529487e-09 9.473242992329603540e-01
6.750125035254217210e+01 2.195694117070597084e-02 1.121467120056521410e-01 4.901802263151874839e-02 1.996432007488529487e-09 9.473242992329603540e-01
6.750125035254217210e+01 2.195694117070597084e-02 1.121467120056521410e-01 4.901802263151874839e-02 1.996432007488529487e-09 9.473242992329603540e-01
6.750125035254217210e+01 2.195694117070597084e-02 1.121467120056521410e-01 4.901802263151874839e-02 1.996432007488529487e-09 9.473242992329603540e-01
6.750125035254217210e+01 2.195694117070597084e-02 1.121467120056521410e-01 4.901802263151874839e-02 1.996432007488529487e-09 9.473242992329603540e-01
6.750125035254217210e+01 2.195694117070597084e-02 1.121467120056521410e-01 4.901802263151874839e-02 1.996432007488529487e-09 9.473242992329603540e-01
6.761381147443729844e+01 2.197361878804555968e-02 1.119629561980894084e-01 4.930176064063781366e-02 2.002263570331279685e-09 9.475073022962887670e-01
6.761381147443729844e+01 2.197361878804555968e-02 1.119629561980894084e-01 4.930176064063781366e-02 2.002263570331279685e-09 9.475073022962887670e-01
6.761381147443729844e+01 2.197361878804555968e-02 1.119629561980894084e-01 4.930176064063781366e-02 2.002263570331279685e-09 9.475073022962887670e-01
6.761381147443729844e+01 2.197361878804555968e-02 1.119629561980894084e-01 4.930176064063781366e-02 2.002263570331279685e-09 9.475073022962887670e-01
6.731341508231238890e+01 2.188875961490701141e-02 1.123765247408082951e-01 4.899729932714740749e-02 1.996078296844544474e-09 9.456654263777689584e-01
6.731341508231238890e+01 2.188875961490701141e-02 1.123765247408082951e-01 4.899729932714740749e-02 1.996078296844544474e-09 9.456654263777689584e-01
6.731341508231238890e+01 2.188875961490701141e-02 1.123765247408082951e-01 4.899729932714740749e-02 1.996078296844544474e-09 9.456654263777689584e-01
6.731341508231238890e+01 2.188875961490701141e-02 1.123765247408082951e-01 4.899729932714740749e-02 1.996078296844544474e-09 9.456654263777689584e-01
6.731341508231238890e+01 2.188875961490701141e-02 1.123765247408082951e-01 4.899729932714740749e-02 1.996078296844544474e-09 9.456654263777689584e-01
6.731341508231238890e+01 2.188875961490701141e-02 1.123765247408082951e-01 4.899729932714740749e-02 1.996078296844544474e-09 9.456654263777689584e-01
6.731341508231238890e+01 2.188875961490701141e-02 1.123765247408082951e-01 4.899729932714740749e-02 1.996078296844544474e-09 9.456654263777689584e-01
6.731341508231238890e+01 2.188875961490701141e-02 1.123765247408082951e-01 4.899729932714740749e-02 1.996078296844544474e-09 9.456654263777689584e-01
6.744423305538717273e+01 2.188314561958017504e-02 1.121207521677156510e-01 4.884060183150017165e-02 1.990643123811062108e-09 9.454348500756469820e-01
6.744423305538717273e+01 2.188314561958017504e-02 1.121207521677156510e-01 4.884060183150017165e-02 1.990643123811062108e-09 9.454348500756469820e-01
6.744423305538717273e+01 2.188314561958017504e-02 1.121207521677156510e-01 4.884060183150017165e-02 1.990643123811062108e-09 9.454348500756469820e-01
6.740265183760001833e+01 2.193266815771986386e-02 1.125790694114938012e-01 4.931585711291291974e-02 2.005589043024615857e-09 9.461406246635517547e-01
6.740265183760001833e+01 2.193266815771986386e-02 1.125790694114938012e-01 4.931585711291291974e-02 2.005589043024615857e-09 9.461406246635517547e-01
6.742274469960213423e+01 2.192231956447985436e-02 1.124966811547383622e-01 4.888228140030918822e-02 1.994511210960894550e-09 9.460534665695742307e-01
6.742274469960213423e+01 2.192231956447985436e-02 1.124966811547383622e-01 4.888228140030918822e-02 1.994511210960894550e-09 9.460534665695742307e-01
6.717467555722795680e+01 2.183165718068654990e-02 1.127629571424103305e-01 4.871623594862239948e-02 1.989469824357299795e-09 9.437802631624214733e-01
6.717467555722795680e+01 2.183165718068654990e-02 1.127629571424103305e-01 4.871623594862239948e-02 1.989469824357299795e-09 9.437802631624214733e-01
6.717467555722795680e+01 2.183165718068654990e-02 1.127629571424103305e-01 4.871623594862239948e-02 1.989469824357299795e-09 9.437802631624214733e-01
6.717467555722795680e+01 2.183165718068654990e-02 1.127629571424103305e-01 4.871623594862239948e-02 1.989469824357299795e-09 9.437802631624214733e-01
6.717467555722795680e+01 2.183165718068654990e-02 1.127629571424103305e-01 4.871623594862239948e-02 1.989469824357299795e-09 9.437802631624214733e-01
6.717467555722795680e+01 2.183165718068654990e-02 1.127629571424103305e-01 4.871623594862239948e-02 1.989469824357299795e-09 9.437802631624214733e-01
6.717467555722795680e+01 2.183165718068654990e-02 1.127629571424103305e-01 4.871623594862239948e-02 1.989469824357299795e-09 9.437802631624214733e-01
6.717467555722795680e+01 2.183165718068654990e-02 1.127629571424103305e-01 4.871623594862239948e-02 1.989469824357299795e-09 9.437802631624214733e-01
6.717467555722795680e+01 2.183165718068654990e-02 1.127629571424103305e-01 4.871623594862239948e-02 1.989469824357299795e-09 9.437802631624214733e-01
6.717467555722795680e+01 2.183165718068654990e-02 1.127629571424103305e-01 4.871623594862239948e-02 1.989469824357299795e-09 9.437802631624214733e-01
6.717467555722795680e+01 2.183165718068654990e-02 1.127629571424103305e-01 4.871623594862239948e-02 1.989469824357299795e-09 9.437802631624214733e-01
6.717467555722795680e+01 2.183165718068654990e-02 1.127629571424103305e-01 4.871623594862239948e-02 1.989469824357299795e-09 9.437802631624214733e-01
6.717467555722795680e+01 2.183165718068654990e-02 1.127629571424103305e-01 4.871623594862239948e-02 1.989469824357299795e-09 9.437802631624214733e-01
6.708716428481872640e+01 2.180892549151283027e-02 1.127552491840554533e-01 4.952033566854739666e-02 2.008433678102073082e-09 9.436946844466977957e-01
6.714389111051099235e+01 2.180395130062001002e-02 1.125720225997433321e-01 4.873865557750263477e-02 1.987567953973726198e-09 9.432278814399389644e-01
6.714389111051099235e+01 2.180395130062001002e-02 1.125720225997433321e-01 4.873865557750263477e-02 1.987567953973726198e-09 9.432278814399389644e-01
6.744079733548177558e+01 2.179610616537780085e-02 1.118332100053639894e-01 4.832586373035351046e-02 1.972450504520568416e-09 9.434732311574144381e-01
6.744079733548177558e+01 2.179610616537780085e-02 1.118332100053639894e-01 4.832586373035351046e-02 1.972450504520568416e-09 9.434732311574144381e-01
6.744079733548177558e+01 2.179610616537780085e-02 1.118332100053639894e-01 4.832586373035351046e-02 1.972450504520568416e-09 9.434732311574144381e-01
6.744079733548177558e+01 2.179610616537780085e-02 1.118332100053639894e-01 4.832586373035351046e-02 1.972450504520568416e-09 9.434732311574144381e-01
6.756464274353558608e+01 2.182126301009481781e-02 1.114752455045176643e-01 4.843804916372937419e-02 1.973102355465622434e-09 9.441571358985753060e-01
6.756464274353558608e+01 2.182126301009481781e-02 1.114752455045176643e-01 4.843804916372937419e-02 1.973102355465622434e-09 9.441571358985753060e-01
6.756464274353558608e+01 2.182126301009481781e-02 1.114752455045176643e-01 4.843804916372937419e-02 1.973102355465622434e-09 9.441571358985753060e-01
6.756464274353558608e+01 2.182126301009481781e-02 1.114752455045176643e-01 4.843804916372937419e-02 1.973102355465622434e-09 9.441571358985753060e-01
6.756464274353558608e+01 2.182126301009481781e-02 1.114752455045176643e-01 4.843804916372937419e-02 1.973102355465622434e-09 9.441571358985753060e-01
6.758094629709940193e+01 2.187647367368686369e-02 1.115022996064694016e-01 4.920191208654522974e-02 1.992258244769558486e-09 9.451221226298619493e-01
6.758094629709940193e+01 2.187647367368686369e-02 1.115022996064694016e-01 4.920191208654522974e-02 1.992258244769558486e-09 9.451221226298619493e-01
6.758094629709940193e+01 2.187647367368686369e-02 1.115022996064694016e-01 4.920191208654522974e-02 1.992258244769558486e-09 9.451221226298619493e-01
6.744330037919188214e+01 2.186544605867856220e-02 1.116417851855815158e-01 4.907706765896940881e-02 1.989206456739677902e-09 9.446720303866915636e-01
6.744330037919188214e+01 2.186544605867856220e-02 1.116417851855815158e-01 4.907706765896940881e-02 1.989206456739677902e-09 9.446720303866915636e-01
6.744330037919188214e+01 2.186544605867856220e-02 1.116417851855815158e-01 4.907706765896940881e-02 1.989206456739677902e-09 9.446720303866915636e-01
6.741335311764748894e+01 2.184418402540707488e-02 1.115907149831325412e-01 4.891085759792498239e-02 1.984194549694457838e-09 9.438191984599092477e-01
6.741335311764748894e+01 2.184418402540707488e-02 1.115907149831325412e-01 4.891085759792498239e-02 1.984194549694457838e-09 9.438191984599092477e-01
6.741335311764748894e+01 2.184418402540707488e-02 1.115907149831325412e-01 4.891085759792498239e-02 1.984194549694457838e-09 9.438191984599092477e-01
6.741335311764748894e+01 2.184418402540707488e-02 1.115907149831325412e-01 4.891085759792498239e-02 1.984194549694457838e-09 9.438191984599092477e-01
6.741335311764748894e+01 2.184418402540707488e-02 1.115907149831325412e-01 4.891085759792498239e-02 1.984194549694457838e-09 9.438191984599092477e-01
6.741335311764748894e+01 2.184418402540707488e-02 1.115907149831325412e-01 4.891085759792498239e-02 1.984194549694457838e-09 9.438191984599092477e-01
6.746069235870579917e+01 2.182521254972712502e-02 1.114410410087002395e-01 4.934673871249160848e-02 1.993808359700594428e-09 9.438834745332940201e-01
6.746069235870579917e+01 2.182521254972712502e-02 1.114410410087002395e-01 4.934673871249160848e-02 1.993808359700594428e-09 9.438834745332940201e-01
6.746069235870579917e+01 2.182521254972712502e-02 1.114410410087002395e-01 4.934673871249160848e-02 1.993808359700594428e-09 9.438834745332940201e-01
6.733368959957942934e+01 2.183346290931430234e-02 1.116400242488249095e-01 4.960536240116199258e-02 2.001653134648465214e-09 9.437935340718732746e-01
6.733368959957942934e+01 2.183346290931430234e-02 1.116400242488249095e-01 4.960536240116199258e-02 2.001653134648465214e-09 9.437935340718732746e-01
6.727672948823703791e+01 2.182561594449262260e-02 1.118124658497341994e-01 4.964622077878930173e-02 2.003537283391187572e-09 9.439630697885529331e-01
6.727672948823703791e+01 2.182561594449262260e-02 1.118124658497341994e-01 4.964622077878930173e-02 2.003537283391187572e-09 9.439630697885529331e-01
6.727672948823703791e+01 2.182561594449262260e-02 1.118124658497341994e-01 4.964622077878930173e-02 2.003537283391187572e-09 9.439630697885529331e-01
6.727672948823703791e+01 2.182561594449262260e-02 1.118124658497341994e-01 4.964622077878930173e-02 2.003537283391187572e-09 9.439630697885529331e-01
6.720390956398951232e+01 2.176593451336592683e-02 1.117837896711319640e-01 4.847248791243654459e-02 1.973941868212270548e-09 9.426694460844982082e-01
6.720390956398951232e+01 2.176593451336592683e-02 1.117837896711319640e-01 4.847248791243654459e-02 1.973941868212270548e-09 9.426694460844982082e-01
6.720390956398951232e+01 2.176593451336592683e-02 1.117837896711319640e-01 4.847248791243654459e-02 1.973941868212270548e-09 9.426694460844982082e-01
6.720390956398951232e+01 2.176593451336592683e-02 1.117837896711319640e-01 4.847248791243654459e-02 1.973941868212270548e-09 9.426694460844982082e-01
6.720390956398951232e+01 2.176593451336592683e-02 1.117837896711319640e-01 4.847248791243654459e-02 1.973941868212270548e-09 9.426694460844982082e-01
6.737548158084091199e+01 2.177702923970306279e-02 1.114219829370476644e-01 4.951186026296243436e-02 1.995869271917495971e-09 9.431554788206731876e-01
6.737548158084091199e+01 2.177702923970306279e-02 1.114219829370476644e-01 4.951186026296243436e-02 1.995869271917495971e-09 9.431554788206731876e-01
6.737548158084091199e+01 2.177702923970306279e-02 1.114219829370476644e-01 4.951186026296243436e-02 1.995869271917495971e-09 9.431554788206731876e-01
6.730996686399926432e+01 2.175650709024200616e-02 1.114599572956289503e-01 4.935903823320796774e-02 1.992105057377183134e-09 9.428042902214230914e-01
6.730996686399926432e+01 2.175650709024200616e-02 1.114599572956289503e-01 4.935903823320796774e-02 1.992105057377183134e-09 9.428042902214230914e-01
6.730996686399926432e+01 2.175650709024200616e-02 1.114599572956289503e-01 4.935903823320796774e-02 1.992105057377183134e-09 9.428042902214230914e-01
6.730996686399926432e+01 2.175650709024200616e-02 1.114599572956289503e-01 4.935903823320796774e-02 1.992105057377183134e-09 9.428042902214230914e-01
6.730996686399926432e+01 2.175650709024200616e-02 1.114599572956289503e-01 4.935903823320796774e-02 1.992105057377183134e-09 9.428042902214230914e-01
6.730996686399926432e+01 2.175650709024200616e-02 1.114599572956289503e-01 4.935903823320796774e-02 1.992105057377183134e-09 9.428042902214230914e-01
6.730996686399926432e+01 2.175650709024200616e-02 1.114599572956289503e-01 4.935903823320796774e-02 1.992105057377183134e-09 9.428042902214230914e-01
6.730996686399926432e+01 2.175650709024200616e-02 1.114599572956289503e-01 4.935903823320796774e-02 1.992105057377183134e-09 9.428042902214230914e-01
6.730996686399926432e+01 2.175650709024200616e-02 1.114599572956289503e-01 4.935903823320796774e-02 1.992105057377183134e-09 9.428042902214230914e-01
6.730996686399926432e+01 2.175650709024200616e-02 1.114599572956289503e-01 4.935903823320796774e-02 1.992105057377183134e-09 9.428042902214230914e-01
6.730996686399926432e+01 2.175650709024200616e-02 1.114599572956289503e-01 4.935903823320796774e-02 1.992105057377183134e-09 9.428042902214230914e-01
6.744483434177925574e+01 2.172943513710041963e-02 1.111637671714827968e-01 4.929376218494483514e-02 1.988192420572202150e-09 9.422401943497322740e-01
6.744483434177925574e+01 2.172943513710041963e-02 1.111637671714827968e-01 4.929376218494483514e-02 1.988192420572202150e-09 9.422401943497322740e-01
6.704293155897062206e+01 2.164547871341342133e-02 1.120821396739746373e-01 4.889109747432658637e-02 1.984021845283233454e-09 9.398053042103118315e-01
6.704293155897062206e+01 2.164547871341342133e-02 1.120821396739746373e-01 4.889109747432658637e-02 1.984021845283233454e-09 9.398053042103118315e-01
6.704293155897062206e+01 2.164547871341342133e-02 1.120821396739746373e-01 4.889109747432658637e-02 1.984021845283233454e-09 9.398053042103118315e-01
6.704293155897062206e+01 2.164547871341342133e-02 1.120821396739746373e-01 4.889109747432658637e-02 1.984021845283233454e-09 9.398053042103118315e-01
6.704293155897062206e+01 2.164547871341342133e-02 1.120821396739746373e-01 4.889109747432658637e-02 1.984021845283233454e-09 9.398053042103118315e-01
6.704293155897062206e+01 2.164547871341342133e-02 1.120821396739746373e-01 4.889109747432658637e-02 1.984021845283233454e-09 9.398053042103118315e-01
6.704293155897062206e+01 2.164547871341342133e-02 1.120821396739746373e-01 4.889109747432658637e-02 1.984021845283233454e-09 9.398053042103118315e-01
6.704293155897062206e+01 2.164547871341342133e-02 1.120821396739746373e-01 4.889109747432658637e-02 1.984021845283233454e-09 9.398053042103118315e-01
6.704293155897062206e+01 2.164547871341342133e-02 1.120821396739746373e-01 4.889109747432658637e-02 1.984021845283233454e-09 9.398053042103118315e-01
6.704293155897062206e+01 2.164547871341342133e-02 1.120821396739746373e-01 4.889109747432658637e-02 1.984021845283233454e-09 9.398053042103118315e-01
