6.500000000000000000e+01 2.000000000000000042e-02 1.000000000000000056e-01 5.000000000000000278e-02 2.000000000000000125e-09 9.599999999999999645e-01
6.500000000000000000e+01 2.000000000000000042e-02 1.000000000000000056e-01 5.000000000000000278e-02 2.000000000000000125e-09 9.599999999999999645e-01
6.500000000000000000e+01 2.000000000000000042e-02 1.000000000000000056e-01 5.000000000000000278e-02 2.000000000000000125e-09 9.599999999999999645e-01
6.467364091018642114e+01 1.997145625110742853e-02 1.006664832748679766e-01 4.770638144962362909e-02 1.948938297001237396e-09 9.582446287644760252e-01
6.467364091018642114e+01 1.997145625110742853e-02 1.006664832748679766e-01 4.770638144962362909e-02 1.948938297001237396e-09 9.582446287644760252e-01
6.467364091018642114e+01 1.997145625110742853e-02 1.006664832748679766e-01 4.770638144962362909e-02 1.948938297001237396e-09 9.582446287644760252e-01
6.445551164446034420e+01 1.994486736853735148e-02 1.012052355549922372e-01 4.628946521781134721e-02 1.917993438464405710e-09 9.573825846304170328e-01
6.445551164446034420e+01 1.994486736853735148e-02 1.012052355549922372e-01 4.628946521781134721e-02 1.917993438464405710e-09 9.573825846304170328e-01
6.445551164446034420e+01 1.994486736853735148e-02 1.012052355549922372e-01 4.628946521781134721e-02 1.917993438464405710e-09 9.573825846304170328e-01
6.445551164446034420e+01 1.994486736853735148e-02 1.012052355549922372e-01 4.628946521781134721e-02 1.917993438464405710e-09 9.573825846304170328e-01
6.422425957984268052e+01 1.986166258791225228e-02 1.014587058723207119e-01 4.494369285562790917e-02 1.886905363896052594e-09 9.559229135061166893e-01
6.422425957984268052e+01 1.986166258791225228e-02 1.014587058723207119e-01 4.494369285562790917e-02 1.886905363896052594e-09 9.559229135061166893e-01
6.422425957984268052e+01 1.986166258791225228e-02 1.014587058723207119e-01 4.494369285562790917e-02 1.886905363896052594e-09 9.559229135061166893e-01
6.422425957984268052e+01 1.986166258791225228e-02 1.014587058723207119e-01 4.494369285562790917e-02 1.886905363896052594e-09 9.559229135061166893e-01
6.422425957984268052e+01 1.986166258791225228e-02 1.014587058723207119e-01 4.494369285562790917e-02 1.886905363896052594e-09 9.559229135061166893e-01
6.422425957984268052e+01 1.986166258791225228e-02 1.014587058723207119e-01 4.494369285562790917e-02 1.886905363896052594e-09 9.559229135061166893e-01
6.437522303907246624e+01 1.987614065850717288e-02 1.010699307900861377e-01 4.447196517953293238e-02 1.872110389748874936e-09 9.561883926835920144e-01
6.437522303907246624e+01 1.987614065850717288e-02 1.010699307900861377e-01 4.447196517953293238e-02 1.872110389748874936e-09 9.561883926835920144e-01
6.437522303907246624e+01 1.987614065850717288e-02 1.010699307900861377e-01 4.447196517953293238e-02 1.872110389748874936e-09 9.561883926835920144e-01
6.458492711282458743e+01 1.987394209974105083e-02 1.006072001653385423e-01 4.431329676194160211e-02 1.865036496310135599e-09 9.560399869204331269e-01
6.458738413193503902e+01 1.992390732111161758e-02 1.006137443505658313e-01 4.452084307295373772e-02 1.871376999782236514e-09 9.571352113832441999e-01
6.458738413193503902e+01 1.992390732111161758e-02 1.006137443505658313e-01 4.452084307295373772e-02 1.871376999782236514e-09 9.571352113832441999e-01
6.458738413193503902e+01 1.992390732111161758e-02 1.006137443505658313e-01 4.452084307295373772e-02 1.871376999782236514e-09 9.571352113832441999e-01
6.458738413193503902e+01 1.992390732111161758e-02 1.006137443505658313e-01 4.452084307295373772e-02 1.871376999782236514e-09 9.571352113832441999e-01
6.458738413193503902e+01 1.992390732111161758e-02 1.006137443505658313e-01 4.452084307295373772e-02 1.871376999782236514e-09 9.571352113832441999e-01
6.458738413193503902e+01 1.992390732111161758e-02 1.006137443505658313e-01 4.452084307295373772e-02 1.871376999782236514e-09 9.571352113832441999e-01
6.458738413193503902e+01 1.992390732111161758e-02 1.006137443505658313e-01 4.452084307295373772e-02 1.871376999782236514e-09 9.571352113832441999e-01
6.458738413193503902e+01 1.992390732111161758e-02 1.006137443505658313e-01 4.452084307295373772e-02 1.871376999782236514e-09 9.571352113832441999e-01
6.457858942466914698e+01 1.994295401975348936e-02 1.007024689436756132e-01 4.462568343171106899e-02 1.874977920194885728e-09 9.574526811409167504e-01
6.457858942466914698e+01 1.994295401975348936e-02 1.007024689436756132e-01 4.462568343171106899e-02 1.874977920194885728e-09 9.574526811409167504e-01
6.457858942466914698e+01 1.994295401975348936e-02 1.007024689436756132e-01 4.462568343171106899e-02 1.874977920194885728e-09 9.574526811409167504e-01
6.441809303330690284e+01 1.993023413923187062e-02 1.011937391127730734e-01 4.535316385747898554e-02 1.895726702920048696e-09 9.567758169582123440e-01
6.441809303330690284e+01 1.993023413923187062e-02 1.011937391127730734e-01 4.535316385747898554e-02 1.895726702920048696e-09 9.567758169582123440e-01
6.440458730933785603e+01 1.991494101595910407e-02 1.010608651120641216e-01 4.445727215751956590e-02 1.874061367700954618e-09 9.569938790546261842e-01
6.440458730933785603e+01 1.991494101595910407e-02 1.010608651120641216e-01 4.445727215751956590e-02 1.874061367700954618e-09 9.569938790546261842e-01
6.440458730933785603e+01 1.991494101595910407e-02 1.010608651120641216e-01 4.445727215751956590e-02 1.874061367700954618e-09 9.569938790546261842e-01
6.440458730933785603e+01 1.991494101595910407e-02 1.010608651120641216e-01 4.445727215751956590e-02 1.874061367700954618e-09 9.569938790546261842e-01
6.425780169427589783e+01 1.989619149311161114e-02 1.012481410841738483e-01 4.481979781274565700e-02 1.884946583975336403e-09 9.571135001293225031e-01
6.425780169427589783e+01 1.989619149311161114e-02 1.012481410841738483e-01 4.481979781274565700e-02 1.884946583975336403e-09 9.571135001293225031e-01
6.425780169427589783e+01 1.989619149311161114e-02 1.012481410841738483e-01 4.481979781274565700e-02 1.884946583975336403e-09 9.571135001293225031e-01
6.425780169427589783e+01 1.989619149311161114e-02 1.012481410841738483e-01 4.481979781274565700e-02 1.884946583975336403e-09 9.571135001293225031e-01
6.436813266415644819e+01 1.984264181197631718e-02 1.008536185690934034e-01 4.499980687415767316e-02 1.886197737718241123e-09 9.568596716057333751e-01
6.436813266415644819e+01 1.984264181197631718e-02 1.008536185690934034e-01 4.499980687415767316e-02 1.886197737718241123e-09 9.568596716057333751e-01
6.436813266415644819e+01 1.984264181197631718e-02 1.008536185690934034e-01 4.499980687415767316e-02 1.886197737718241123e-09 9.568596716057333751e-01
6.436813266415644819e+01 1.984264181197631718e-02 1.008536185690934034e-01 4.499980687415767316e-02 1.886197737718241123e-09 9.568596716057333751e-01
6.436813266415644819e+01 1.984264181197631718e-02 1.008536185690934034e-01 4.499980687415767316e-02 1.886197737718241123e-09 9.568596716057333751e-01
6.443959457190211992e+01 1.986770164226201243e-02 1.007779558551699650e-01 4.480508307529831175e-02 1.881010219644264410e-09 9.576868790161637834e-01
6.449694204196291025e+01 1.990198895675830693e-02 1.008063948539257293e-01 4.514822321488655421e-02 1.890903991538107137e-09 9.585144729901897698e-01
6.449694204196291025e+01 1.990198895675830693e-02 1.008063948539257293e-01 4.514822321488655421e-02 1.890903991538107137e-09 9.585144729901897698e-01
6.449694204196291025e+01 1.990198895675830693e-02 1.008063948539257293e-01 4.514822321488655421e-02 1.890903991538107137e-09 9.585144729901897698e-01
6.456140690621914757e+01 1.992676377353703315e-02 1.006902229077524663e-01 4.478431052113816119e-02 1.880703628632271093e-09 9.583212749963525567e-01
6.456140690621914757e+01 1.992676377353703315e-02 1.006902229077524663e-01 4.478431052113816119e-02 1.880703628632271093e-09 9.583212749963525567e-01
6.456140690621914757e+01 1.992676377353703315e-02 1.006902229077524663e-01 4.478431052113816119e-02 1.880703628632271093e-09 9.583212749963525567e-01
6.456140690621914757e+01 1.992676377353703315e-02 1.006902229077524663e-01 4.478431052113816119e-02 1.880703628632271093e-09 9.583212749963525567e-01
6.484875696650520638e+01 2.000290864838869323e-02 1.003346152973280947e-01 4.567877131364268817e-02 1.901556744710913687e-09 9.594931231410018801e-01
6.479609778239549200e+01 2.004127615134281351e-02 1.005185510179841535e-01 4.440424775103063437e-02 1.872554939483282392e-09 9.597887140432592723e-01
6.479609778239549200e+01 2.004127615134281351e-02 1.005185510179841535e-01 4.440424775103063437e-02 1.872554939483282392e-09 9.597887140432592723e-01
6.479609778239549200e+01 2.004127615134281351e-02 1.005185510179841535e-01 4.440424775103063437e-02 1.872554939483282392e-09 9.597887140432592723e-01
6.479609778239549200e+01 2.004127615134281351e-02 1.005185510179841535e-01 4.440424775103063437e-02 1.872554939483282392e-09 9.597887140432592723e-01
6.479609778239549200e+01 2.004127615134281351e-02 1.005185510179841535e-01 4.440424775103063437e-02 1.872554939483282392e-09 9.597887140432592723e-01
6.479609778239549200e+01 2.004127615134281351e-02 1.005185510179841535e-01 4.440424775103063437e-02 1.872554939483282392e-09 9.597887140432592723e-01
6.479609778239549200e+01 2.004127615134281351e-02 1.005185510179841535e-01 4.440424775103063437e-02 1.872554939483282392e-09 9.597887140432592723e-01
6.479609778239549200e+01 2.004127615134281351e-02 1.005185510179841535e-01 4.440424775103063437e-02 1.872554939483282392e-09 9.597887140432592723e-01
6.479609778239549200e+01 2.004127615134281351e-02 1.005185510179841535e-01 4.440424775103063437e-02 1.872554939483282392e-09 9.597887140432592723e-01
6.479609778239549200e+01 2.004127615134281351e-02 1.005185510179841535e-01 4.440424775103063437e-02 1.872554939483282392e-09 9.597887140432592723e-01
6.454793649009940282e+01 1.996616371559888428e-02 1.009871505266719260e-01 4.432366814605864097e-02 1.872553157434848944e-09 9.578852427213500054e-01
6.464117921885568308e+01 1.996157202239227588e-02 1.007607877515741546e-01 4.486938776196375961e-02 1.883004617882166288e-09 9.579547198754749804e-01
6.464117921885568308e+01 1.996157202239227588e-02 1.007607877515741546e-01 4.486938776196375961e-02 1.883004617882166288e-09 9.579547198754749804e-01
6.464117921885568308e+01 1.996157202239227588e-02 1.007607877515741546e-01 4.486938776196375961e-02 1.883004617882166288e-09 9.579547198754749804e-01
6.464117921885568308e+01 1.996157202239227588e-02 1.007607877515741546e-01 4.486938776196375961e-02 1.883004617882166288e-09 9.579547198754749804e-01
6.485950727534431337e+01 2.001821444748853873e-02 1.006695603276632489e-01 4.549277561457445301e-02 1.898822341117506062e-09 9.592845305063223416e-01
6.485950727534431337e+01 2.001821444748853873e-02 1.006695603276632489e-01 4.549277561457445301e-02 1.898822341117506062e-09 9.592845305063223416e-01
6.485950727534431337e+01 2.001821444748853873e-02 1.006695603276632489e-01 4.549277561457445301e-02 1.898822341117506062e-09 9.592845305063223416e-01
6.485950727534431337e+01 2.001821444748853873e-02 1.006695603276632489e-01 4.549277561457445301e-02 1.898822341117506062e-09 9.592845305063223416e-01
6.485950727534431337e+01 2.001821444748853873e-02 1.006695603276632489e-01 4.549277561457445301e-02 1.898822341117506062e-09 9.592845305063223416e-01
6.485950727534431337e+01 2.001821444748853873e-02 1.006695603276632489e-01 4.549277561457445301e-02 1.898822341117506062e-09 9.592845305063223416e-01
6.485950727534431337e+01 2.001821444748853873e-02 1.006695603276632489e-01 4.549277561457445301e-02 1.898822341117506062e-09 9.592845305063223416e-01
6.485950727534431337e+01 2.001821444748853873e-02 1.006695603276632489e-01 4.549277561457445301e-02 1.898822341117506062e-09 9.592845305063223416e-01
6.485950727534431337e+01 2.001821444748853873e-02 1.006695603276632489e-01 4.549277561457445301e-02 1.898822341117506062e-09 9.592845305063223416e-01
6.485950727534431337e+01 2.001821444748853873e-02 1.006695603276632489e-01 4.549277561457445301e-02 1.898822341117506062e-09 9.592845305063223416e-01
6.500244549199564403e+01 1.997586405089834052e-02 1.000459492846186293e-01 4.535134804342173809e-02 1.890097418802585342e-09 9.590037081887643478e-01
6.500244549199564403e+01 1.997586405089834052e-02 1.000459492846186293e-01 4.535134804342173809e-02 1.890097418802585342e-09 9.590037081887643478e-01
6.500244549199564403e+01 1.997586405089834052e-02 1.000459492846186293e-01 4.535134804342173809e-02 1.890097418802585342e-09 9.590037081887643478e-01
6.500244549199564403e+01 1.997586405089834052e-02 1.000459492846186293e-01 4.535134804342173809e-02 1.890097418802585342e-09 9.590037081887643478e-01
6.482930020448232256e+01 1.994049684409696793e-02 1.003198956455728652e-01 4.389425243830938350e-02 1.856156664777862570e-09 9.575134955360226074e-01
6.482930020448232256e+01 1.994049684409696793e-02 1.003198956455728652e-01 4.389425243830938350e-02 1.856156664777862570e-09 9.575134955360226074e-01
6.497481808264390679e+01 1.992337798992954365e-02 9.977713869081267228e-02 4.446869174117705492e-02 1.865492470596850908e-09 9.576798582216686784e-01
6.497481808264390679e+01 1.992337798992954365e-02 9.977713869081267228e-02 4.446869174117705492e-02 1.865492470596850908e-09 9.576798582216686784e-01
6.497481808264390679e+01 1.992337798992954365e-02 9.977713869081267228e-02 4.446869174117705492e-02 1.865492470596850908e-09 9.576798582216686784e-01
6.497481808264390679e+01 1.992337798992954365e-02 9.977713869081267228e-02 4.446869174117705492e-02 1.865492470596850908e-09 9.576798582216686784e-01
6.482963433631670114e+01 1.992718742092489115e-02 1.001860163922449060e-01 4.440811878982361266e-02 1.867574330102718925e-09 9.574832233614978261e-01
6.482963433631670114e+01 1.992718742092489115e-02 1.001860163922449060e-01 4.440811878982361266e-02 1.867574330102718925e-09 9.574832233614978261e-01
6.490008551222545918e+01 1.992072805122174425e-02 1.002642657930202658e-01 4.396720586592535451e-02 1.856122330699617198e-09 9.563909725049922761e-01
6.474313591516651911e+01 1.988617754704124704e-02 1.003829968201301881e-01 4.473375053765138443e-02 1.874346176834272456e-09 9.561316425265843355e-01
6.474313591516651911e+01 1.988617754704124704e-02 1.003829968201301881e-01 4.473375053765138443e-02 1.874346176834272456e-09 9.561316425265843355e-01
6.469483310546809207e+01 1.986048142199916752e-02 1.004043409428069245e-01 4.409120086858158566e-02 1.858085230477283824e-09 9.551375064482224841e-01
6.461111312371109250e+01 1.987719539828559229e-02 1.005029435384844072e-01 4.529981020330425823e-02 1.887991395489130840e-09 9.552984292759990614e-01
6.450080808154272916e+01 1.985245342160394874e-02 1.007191563348588254e-01 4.473161969126271398e-02 1.876092369509224532e-09 9.545120861215496966e-01
6.457510731187234398e+01 1.987812244830573435e-02 1.004508481341734177e-01 4.473836769342821873e-02 1.874086092208888883e-09 9.543875304390205816e-01
6.457510731187234398e+01 1.987812244830573435e-02 1.004508481341734177e-01 4.473836769342821873e-02 1.874086092208888883e-09 9.543875304390205816e-01
