1.588237653293152562e+03
1.588237653293152562e+03
1.588237653293152562e+03
1.426595691394658843e+03
1.426595691394658843e+03
1.426595691394658843e+03
1.369098377306806697e+03
1.369098377306806697e+03
1.369098377306806697e+03
1.369098377306806697e+03
1.350797337292066686e+03
1.350797337292066686e+03
1.350797337292066686e+03
1.350797337292066686e+03
1.350797337292066686e+03
1.350797337292066686e+03
1.351444485737714786e+03
1.351444485737714786e+03
1.351444485737714786e+03
1.351422359297854655e+03
1.351612628394476587e+03
1.351612628394476587e+03
1.351612628394476587e+03
1.351612628394476587e+03
1.351612628394476587e+03
1.351612628394476587e+03
1.351612628394476587e+03
1.351612628394476587e+03
1.351078549514969609e+03
1.351078549514969609e+03
1.351078549514969609e+03
1.352700717683381754e+03
1.352700717683381754e+03
1.351554591731639903e+03
1.351554591731639903e+03
1.351554591731639903e+03
1.351554591731639903e+03
1.353673896959491685e+03
1.353673896959491685e+03
1.353673896959491685e+03
1.353673896959491685e+03
1.355874898793829971e+03
1.355874898793829971e+03
1.355874898793829971e+03
1.355874898793829971e+03
1.355874898793829971e+03
1.354760776133815398e+03
1.356260221246552419e+03
1.356260221246552419e+03
1.356260221246552419e+03
1.353151677184705932e+03
1.353151677184705932e+03
1.353151677184705932e+03
1.353151677184705932e+03
1.361013276405621127e+03
1.350762318064474130e+03
1.350762318064474130e+03
1.350762318064474130e+03
1.350762318064474130e+03
1.350762318064474130e+03
1.350762318064474130e+03
1.350762318064474130e+03
1.350762318064474130e+03
1.350762318064474130e+03
1.350762318064474130e+03
1.350023154681828601e+03
1.349865705501739058e+03
1.349865705501739058e+03
1.349865705501739058e+03
1.349865705501739058e+03
1.352534165162808677e+03
1.352534165162808677e+03
1.352534165162808677e+03
1.352534165162808677e+03
1.352534165162808677e+03
1.352534165162808677e+03
1.352534165162808677e+03
1.352534165162808677e+03
1.352534165162808677e+03
1.352534165162808677e+03
1.353615815488346698e+03
1.353615815488346698e+03
1.353615815488346698e+03
1.353615815488346698e+03
1.353255359928655253e+03
1.353255359928655253e+03
1.351198868272290838e+03
1.351198868272290838e+03
1.351198868272290838e+03
1.351198868272290838e+03
1.350409806894119811e+03
1.350409806894119811e+03
1.349870387675764050e+03
1.348472071152056287e+03
1.348472071152056287e+03
1.351053334130800977e+03
1.353044256103389444e+03
1.349095880997509994e+03
1.349886641385533494e+03
1.349886641385533494e+03
