1.239592638654724851e+03
1.239592638654724851e+03
1.239592638654724851e+03
1.239592638654724851e+03
1.239592638654724851e+03
1.242795891593975057e+03
1.242236882067684519e+03
1.242236882067684519e+03
1.242236882067684519e+03
1.242236882067684519e+03
1.242236882067684519e+03
1.240355001651376369e+03
1.240355001651376369e+03
1.240355001651376369e+03
1.241223117141134708e+03
1.241223117141134708e+03
1.241223117141134708e+03
1.241223117141134708e+03
1.241223117141134708e+03
1.240122689847701849e+03
1.240122689847701849e+03
1.240122689847701849e+03
1.240021879514412831e+03
1.240277891003143395e+03
1.240277891003143395e+03
1.240277891003143395e+03
1.240277891003143395e+03
1.240277891003143395e+03
1.240277891003143395e+03
1.240277891003143395e+03
1.240277891003143395e+03
1.240277891003143395e+03
1.240277891003143395e+03
1.240277891003143395e+03
1.240277891003143395e+03
1.240277891003143395e+03
1.240277891003143395e+03
1.241524076890663082e+03
1.241524076890663082e+03
1.241524076890663082e+03
1.241524076890663082e+03
1.241524076890663082e+03
1.241524076890663082e+03
1.241524076890663082e+03
1.245413077622532001e+03
1.242290079085279558e+03
1.242290079085279558e+03
1.242290079085279558e+03
1.242290079085279558e+03
1.239625564490546822e+03
1.239316816354432831e+03
1.239316816354432831e+03
1.239316816354432831e+03
1.239316816354432831e+03
1.239316816354432831e+03
1.239316816354432831e+03
1.238609208089923868e+03
1.238609208089923868e+03
1.238609208089923868e+03
1.238609208089923868e+03
1.238609208089923868e+03
1.238609208089923868e+03
1.238609208089923868e+03
1.244126487955828907e+03
1.244126487955828907e+03
1.244126487955828907e+03
1.239419187694859829e+03
1.237781165376769422e+03
1.237781165376769422e+03
1.237781165376769422e+03
1.237781165376769422e+03
1.241799090287666331e+03
1.241799090287666331e+03
1.241799090287666331e+03
1.241799090287666331e+03
1.241799090287666331e+03
1.239272906096639645e+03
1.239272906096639645e+03
1.238801190760292684e+03
1.238801190760292684e+03
1.238801190760292684e+03
1.238801190760292684e+03
1.238801190760292684e+03
1.238801190760292684e+03
1.238801190760292684e+03
1.240219437311664024e+03
1.238778559485250526e+03
1.238778559485250526e+03
1.239036717977642184e+03
1.240551780305385364e+03
1.240551780305385364e+03
1.240551780305385364e+03
1.240551780305385364e+03
1.240551780305385364e+03
1.237994500831906180e+03
1.237994500831906180e+03
1.237775695340274751e+03
1.237145991729548314e+03
1.237145991729548314e+03
1.239988819209964731e+03
1.239988819209964731e+03
1.239988819209964731e+03
1.239988819209964731e+03
1.239988819209964731e+03
1.239988819209964731e+03
1.245506387363441263e+03
1.239984708751053404e+03
1.239984708751053404e+03
1.239984708751053404e+03
1.239984708751053404e+03
1.239984708751053404e+03
1.238036899710202761e+03
1.238036899710202761e+03
1.238036899710202761e+03
1.238036899710202761e+03
1.238463491507642630e+03
1.238463491507642630e+03
1.238463491507642630e+03
1.237539796681049665e+03
1.237539796681049665e+03
1.237539796681049665e+03
1.237539796681049665e+03
1.236602812311816251e+03
1.236602812311816251e+03
1.236837523575118212e+03
1.236798287920342091e+03
1.236798287920342091e+03
1.236798287920342091e+03
1.236798287920342091e+03
1.236798287920342091e+03
1.236798287920342091e+03
1.236798287920342091e+03
1.236798287920342091e+03
1.237637844221073010e+03
1.237952941891802311e+03
1.237952941891802311e+03
1.237952941891802311e+03
1.237952941891802311e+03
1.237952941891802311e+03
1.237952941891802311e+03
1.237952941891802311e+03
1.237952941891802311e+03
1.237952941891802311e+03
1.237952941891802311e+03
1.238108527846725337e+03
1.238108527846725337e+03
1.237311433205004960e+03
1.237311433205004960e+03
1.238218007134607888e+03
1.238218007134607888e+03
1.238218007134607888e+03
1.237961270822403094e+03
1.238256402362615972e+03
1.238256402362615972e+03
1.235827196492548410e+03
1.235651826436597048e+03
1.235651826436597048e+03
1.235651826436597048e+03
1.237941856063009027e+03
1.237941856063009027e+03
1.237941856063009027e+03
1.237941856063009027e+03
1.237074257274729689e+03
1.237074257274729689e+03
1.237074257274729689e+03
1.237074257274729689e+03
1.237074257274729689e+03
1.237074257274729689e+03
1.237476417543158959e+03
1.236184199208030350e+03
1.236184199208030350e+03
1.236184199208030350e+03
1.238356388266679687e+03
1.238356388266679687e+03
1.236972922593462044e+03
1.236920817114867987e+03
1.236920817114867987e+03
1.236920817114867987e+03
1.236920817114867987e+03
1.236920817114867987e+03
1.235532978567234522e+03
1.235532978567234522e+03
1.235532978567234522e+03
1.235550507600897618e+03
1.235550507600897618e+03
1.235550507600897618e+03
1.237512105256726045e+03
1.237512105256726045e+03
1.237512105256726045e+03
1.237512105256726045e+03
1.236275650286762357e+03
1.236275650286762357e+03
1.236275650286762357e+03
1.236275650286762357e+03
1.236031362527624651e+03
1.236031362527624651e+03
1.236031362527624651e+03
1.236031362527624651e+03
1.236031362527624651e+03
1.236031362527624651e+03
1.236031362527624651e+03
1.236031362527624651e+03
1.236031362527624651e+03
1.236031362527624651e+03
1.236031362527624651e+03
1.236639603994898607e+03
1.238413647971767205e+03
1.235741992921842893e+03
1.235741992921842893e+03
1.235800370080541143e+03
1.235800370080541143e+03
1.235800370080541143e+03
1.235800370080541143e+03
1.235800370080541143e+03
1.235800370080541143e+03
1.235800370080541143e+03
1.235800370080541143e+03
1.235684407467690335e+03
1.235684407467690335e+03
1.235684407467690335e+03
1.235684407467690335e+03
1.234969011499260887e+03
1.234969011499260887e+03
1.234969011499260887e+03
1.234922783236667783e+03
1.234922783236667783e+03
1.234922783236667783e+03
1.234922783236667783e+03
1.234922783236667783e+03
1.237537073158494877e+03
1.235836356221684355e+03
1.235836356221684355e+03
1.235836356221684355e+03
1.235810271559525745e+03
1.237132512382302821e+03
1.235324423377475796e+03
1.235324423377475796e+03
1.235324423377475796e+03
1.235324423377475796e+03
1.235324423377475796e+03
1.235324423377475796e+03
1.235324423377475796e+03
1.235324423377475796e+03
1.235324423377475796e+03
1.234004831924117525e+03
1.234004831924117525e+03
1.234907987319251561e+03
1.234907987319251561e+03
1.234907987319251561e+03
1.234907987319251561e+03
1.236156793416625078e+03
1.239059455687573291e+03
1.239059455687573291e+03
1.239059455687573291e+03
1.239059455687573291e+03
1.239059455687573291e+03
1.236494571467625519e+03
1.235417136682033970e+03
1.235417136682033970e+03
1.235417136682033970e+03
1.235417136682033970e+03
1.235417136682033970e+03
1.235417136682033970e+03
1.235417136682033970e+03
1.234978074233078132e+03
1.234978074233078132e+03
1.234978074233078132e+03
1.240717350944697273e+03
1.242621671649596465e+03
1.242621671649596465e+03
1.247721921595837102e+03
1.247721921595837102e+03
1.247721921595837102e+03
1.247721921595837102e+03
1.248647363752255842e+03
1.248647363752255842e+03
1.243859081440759837e+03
1.243859081440759837e+03
1.235428118824558169e+03
1.235428118824558169e+03
1.235428118824558169e+03
1.235428118824558169e+03
1.235428118824558169e+03
1.235428118824558169e+03
1.235428118824558169e+03
1.235428118824558169e+03
1.235428118824558169e+03
1.235428118824558169e+03
1.235428118824558169e+03
1.235428118824558169e+03
1.235428118824558169e+03
1.235428118824558169e+03
1.235289719740119608e+03
1.235289719740119608e+03
1.235289719740119608e+03
1.235289719740119608e+03
1.235097629677564100e+03
1.235097629677564100e+03
1.235097629677564100e+03
1.235097629677564100e+03
1.235097629677564100e+03
1.235097629677564100e+03
1.236321127576550680e+03
1.236321127576550680e+03
1.236321127576550680e+03
1.236321127576550680e+03
1.236321127576550680e+03
1.236932670698725360e+03
1.236932670698725360e+03
1.236932670698725360e+03
1.235522229491035887e+03
1.234978323654104315e+03
1.234978323654104315e+03
1.234978323654104315e+03
1.234978323654104315e+03
1.236382583088764704e+03
1.236420657957400635e+03
1.236420657957400635e+03
1.236420657957400635e+03
1.236420657957400635e+03
1.236420657957400635e+03
1.236420657957400635e+03
1.236011734321579297e+03
1.236011734321579297e+03
1.236011734321579297e+03
1.236011734321579297e+03
1.236011734321579297e+03
1.236011734321579297e+03
1.236011734321579297e+03
1.236011734321579297e+03
1.236011734321579297e+03
1.236011734321579297e+03
1.236011734321579297e+03
1.236011734321579297e+03
1.236011734321579297e+03
1.236011734321579297e+03
1.236011734321579297e+03
1.236011734321579297e+03
1.236011734321579297e+03
1.236011734321579297e+03
1.236011734321579297e+03
1.237059199486680654e+03
1.237059199486680654e+03
1.235931992297217903e+03
1.235931992297217903e+03
1.235931992297217903e+03
1.235648958405224676e+03
1.235648958405224676e+03
1.235784881842299455e+03
1.235784881842299455e+03
1.235784881842299455e+03
1.235784881842299455e+03
1.235784881842299455e+03
1.238595598849860153e+03
1.238595598849860153e+03
1.235719582349976463e+03
1.235719582349976463e+03
1.237080142174552748e+03
1.240956182069827264e+03
1.244470365725922875e+03
1.240385522729473450e+03
1.240385522729473450e+03
1.238227536170591975e+03
1.238227536170591975e+03
1.238227536170591975e+03
1.238227536170591975e+03
1.238227536170591975e+03
1.237280252302030021e+03
1.237280252302030021e+03
1.237280252302030021e+03
1.237280252302030021e+03
1.237280252302030021e+03
1.237280252302030021e+03
1.239363984384480773e+03
1.239363984384480773e+03
1.239363984384480773e+03
1.239363984384480773e+03
1.239363984384480773e+03
1.240024754982704508e+03
1.240024754982704508e+03
1.240024754982704508e+03
1.240024754982704508e+03
1.239551930918384869e+03
1.238242223051645624e+03
1.238242223051645624e+03
1.238242223051645624e+03
1.238242223051645624e+03
1.238242223051645624e+03
1.238242223051645624e+03
1.237918838257666494e+03
1.237918838257666494e+03
1.237918838257666494e+03
1.237918838257666494e+03
1.238844583729000988e+03
1.238844583729000988e+03
1.238844583729000988e+03
1.238844583729000988e+03
1.238844583729000988e+03
1.238389048660996878e+03
1.238389048660996878e+03
1.238389048660996878e+03
1.238389048660996878e+03
1.238574264971682851e+03
1.249889321102178656e+03
1.249889321102178656e+03
1.249889321102178656e+03
1.246503481394081064e+03
1.246503481394081064e+03
1.239285775247225956e+03
1.239285775247225956e+03
1.239392149708299712e+03
1.239392149708299712e+03
1.239392149708299712e+03
1.240614032888853899e+03
1.240614032888853899e+03
1.242299777624083617e+03
1.242299777624083617e+03
1.242299777624083617e+03
1.243022006419834725e+03
1.243022006419834725e+03
1.243022006419834725e+03
1.243022006419834725e+03
1.243022006419834725e+03
1.241750867605624535e+03
1.241750867605624535e+03
1.239507280155891749e+03
1.239507280155891749e+03
1.239856244416331947e+03
1.239856244416331947e+03
1.239856244416331947e+03
1.239856244416331947e+03
1.239856244416331947e+03
1.239856244416331947e+03
1.239856244416331947e+03
1.239856244416331947e+03
1.239866070171178308e+03
1.239866070171178308e+03
1.239866070171178308e+03
1.239866070171178308e+03
1.239866070171178308e+03
1.241002321581248907e+03
1.241002321581248907e+03
1.241002321581248907e+03
1.241002321581248907e+03
1.241002321581248907e+03
1.241002321581248907e+03
1.241002321581248907e+03
1.241522705590996793e+03
1.241522705590996793e+03
1.241522705590996793e+03
1.244022925538253048e+03
1.244022925538253048e+03
1.244022925538253048e+03
1.244022925538253048e+03
1.240444235430757544e+03
1.239334644287143647e+03
1.239334644287143647e+03
1.239334644287143647e+03
1.239334644287143647e+03
1.239334644287143647e+03
1.239334644287143647e+03
1.239334644287143647e+03
1.239334644287143647e+03
1.239334644287143647e+03
1.239334644287143647e+03
1.239334644287143647e+03
1.239334644287143647e+03
1.239334644287143647e+03
1.239334644287143647e+03
1.239334644287143647e+03
1.239334644287143647e+03
1.239334644287143647e+03
1.239334644287143647e+03
1.239334644287143647e+03
1.239209763890614795e+03
1.239209763890614795e+03
1.239209763890614795e+03
1.239209763890614795e+03
1.239209763890614795e+03
1.239209763890614795e+03
1.238220651463380818e+03
1.238220651463380818e+03
1.238220651463380818e+03
1.238220651463380818e+03
1.238220651463380818e+03
1.238220651463380818e+03
1.238220651463380818e+03
1.238220651463380818e+03
1.238609442141424097e+03
1.238609442141424097e+03
1.239403608855324137e+03
1.240220458227282279e+03
1.237177297569600569e+03
1.237177297569600569e+03
1.237177297569600569e+03
1.237177297569600569e+03
1.237946271352175700e+03
1.237946271352175700e+03
1.237946271352175700e+03
1.237946271352175700e+03
1.237946271352175700e+03
1.237946271352175700e+03
1.237946271352175700e+03
1.237946271352175700e+03
1.237946271352175700e+03
1.237946271352175700e+03
1.237946271352175700e+03
1.237946271352175700e+03
1.237946271352175700e+03
1.237946271352175700e+03
1.237946271352175700e+03
1.237946271352175700e+03
1.237946271352175700e+03
1.237946271352175700e+03
1.237946271352175700e+03
1.237946271352175700e+03
1.237946271352175700e+03
1.237946271352175700e+03
1.237946271352175700e+03
1.238223535589709627e+03
1.238223535589709627e+03
1.238223535589709627e+03
1.238223535589709627e+03
1.238223535589709627e+03
1.238223535589709627e+03
1.239700931237239729e+03
1.239700931237239729e+03
1.239700931237239729e+03
1.239700931237239729e+03
1.238690033605239933e+03
1.240058101937045194e+03
1.240058101937045194e+03
1.240058101937045194e+03
1.240891949034788013e+03
1.242123088087068254e+03
1.242123088087068254e+03
1.242123088087068254e+03
1.242123088087068254e+03
1.242123088087068254e+03
1.239438837345225693e+03
1.239438837345225693e+03
1.239278112646252794e+03
1.239278112646252794e+03
1.239278112646252794e+03
1.239278112646252794e+03
1.239278112646252794e+03
1.239278112646252794e+03
1.239278112646252794e+03
1.239526723288920493e+03
1.239526723288920493e+03
1.239526723288920493e+03
1.239526723288920493e+03
1.239526723288920493e+03
1.239526723288920493e+03
1.239526723288920493e+03
1.239526723288920493e+03
1.239526723288920493e+03
1.239526723288920493e+03
1.239526723288920493e+03
1.239526723288920493e+03
1.239526723288920493e+03
1.239526723288920493e+03
1.239526723288920493e+03
1.239526723288920493e+03
1.239523410734195522e+03
1.239523410734195522e+03
1.239523410734195522e+03
1.238780909236115349e+03
1.238780909236115349e+03
1.242589201837042083e+03
1.243692547691616710e+03
1.243692547691616710e+03
1.243080314142304360e+03
1.243080314142304360e+03
1.239362310431414699e+03
1.239362310431414699e+03
1.240086065971821427e+03
1.240086065971821427e+03
1.240086065971821427e+03
1.240086065971821427e+03
1.240086065971821427e+03
1.240086065971821427e+03
1.240086065971821427e+03
1.240086065971821427e+03
1.240086065971821427e+03
1.240086065971821427e+03
1.239420698120765564e+03
1.239156788425448894e+03
1.239156788425448894e+03
1.239156788425448894e+03
1.239156788425448894e+03
1.239156788425448894e+03
1.239156788425448894e+03
1.239653023980046328e+03
1.239653023980046328e+03
1.239653023980046328e+03
1.239653023980046328e+03
1.239653023980046328e+03
1.239653023980046328e+03
1.239653023980046328e+03
1.240524764122013949e+03
1.240527429191435658e+03
1.240527429191435658e+03
1.240527429191435658e+03
1.240527429191435658e+03
1.240527429191435658e+03
1.240527429191435658e+03
1.238573954471120715e+03
1.238573954471120715e+03
1.238573954471120715e+03
1.238573954471120715e+03
1.238573954471120715e+03
1.238573954471120715e+03
1.243350357031130898e+03
1.243350357031130898e+03
1.243350357031130898e+03
1.240481785026165880e+03
1.240481785026165880e+03
1.240481785026165880e+03
1.240481785026165880e+03
1.239300868568148417e+03
1.239300868568148417e+03
1.239300868568148417e+03
1.239300868568148417e+03
1.239300868568148417e+03
1.239300868568148417e+03
1.239300868568148417e+03
1.239300868568148417e+03
1.246167149677110956e+03
1.246167149677110956e+03
1.243560861193994242e+03
1.237210587563368108e+03
1.237210587563368108e+03
1.237210587563368108e+03
1.237210587563368108e+03
1.237210587563368108e+03
1.237210587563368108e+03
1.237210587563368108e+03
1.237210587563368108e+03
1.237210587563368108e+03
1.237210587563368108e+03
1.237034895132416295e+03
1.237034895132416295e+03
1.237034895132416295e+03
1.237034895132416295e+03
1.237034895132416295e+03
1.237034895132416295e+03
1.237034895132416295e+03
1.239617191996685051e+03
1.237166496349691442e+03
1.237166496349691442e+03
1.237166496349691442e+03
1.235898643725185366e+03
1.237438371811258094e+03
1.237438371811258094e+03
1.237438371811258094e+03
1.237438371811258094e+03
1.237438371811258094e+03
1.237438371811258094e+03
1.237438371811258094e+03
1.237438371811258094e+03
1.237438371811258094e+03
1.236800066230412995e+03
1.236800066230412995e+03
1.236800066230412995e+03
1.236800066230412995e+03
1.236800066230412995e+03
1.236800066230412995e+03
1.237397269741186847e+03
1.237397269741186847e+03
1.237397269741186847e+03
1.237397269741186847e+03
1.237397269741186847e+03
1.237397269741186847e+03
1.237397269741186847e+03
1.236643240697397232e+03
1.236568856237734053e+03
1.236568856237734053e+03
1.235573617155553620e+03
1.237710073991778927e+03
1.235341073206030615e+03
1.235341073206030615e+03
1.236929137287456342e+03
1.236929137287456342e+03
1.236929137287456342e+03
1.236929137287456342e+03
1.236929137287456342e+03
1.236929137287456342e+03
1.236929137287456342e+03
1.236929137287456342e+03
1.236929137287456342e+03
1.236929137287456342e+03
1.236929137287456342e+03
1.236929137287456342e+03
1.236929137287456342e+03
1.236929137287456342e+03
1.236929137287456342e+03
1.236929137287456342e+03
1.236615260719383514e+03
1.236615260719383514e+03
1.238450066996186024e+03
1.236472635342551939e+03
1.236472635342551939e+03
1.236213167862449836e+03
1.236213167862449836e+03
1.236213167862449836e+03
1.236213167862449836e+03
1.236213167862449836e+03
1.236213167862449836e+03
1.236213167862449836e+03
1.236213167862449836e+03
1.237165077102053601e+03
1.237165077102053601e+03
1.237165077102053601e+03
1.237165077102053601e+03
1.237165077102053601e+03
1.237165077102053601e+03
1.237165077102053601e+03
1.237007078901102432e+03
1.237007078901102432e+03
1.237007078901102432e+03
1.237007078901102432e+03
1.237007078901102432e+03
1.236964861659208964e+03
1.236964861659208964e+03
1.237105634479134778e+03
1.237105634479134778e+03
1.237105634479134778e+03
1.237105634479134778e+03
1.235706317756111957e+03
1.236399015576440206e+03
1.236399015576440206e+03
1.236399015576440206e+03
1.236399015576440206e+03
1.236399015576440206e+03
1.236399015576440206e+03
1.236399015576440206e+03
1.236399015576440206e+03
1.236399015576440206e+03
1.236399015576440206e+03
1.236399015576440206e+03
1.236399015576440206e+03
1.236399015576440206e+03
1.236399015576440206e+03
1.236399015576440206e+03
1.238656351748130191e+03
1.238656351748130191e+03
1.238656351748130191e+03
1.238656351748130191e+03
1.238656351748130191e+03
1.238656351748130191e+03
1.238656351748130191e+03
1.238656351748130191e+03
1.237432868174475971e+03
1.236653496497973265e+03
1.236653496497973265e+03
1.236653496497973265e+03
1.236653496497973265e+03
1.236653496497973265e+03
1.236653496497973265e+03
1.236653496497973265e+03
1.236653496497973265e+03
1.236653496497973265e+03
1.236653496497973265e+03
1.236653496497973265e+03
1.236653496497973265e+03
1.236475806344403281e+03
1.236475806344403281e+03
1.236475806344403281e+03
1.236924129109005435e+03
1.236924129109005435e+03
1.237058245561626336e+03
1.237058245561626336e+03
1.237058245561626336e+03
1.237058245561626336e+03
1.237058245561626336e+03
1.237058245561626336e+03
1.237058245561626336e+03
1.237058245561626336e+03
1.237373990884080740e+03
1.237373990884080740e+03
1.237373990884080740e+03
1.237373990884080740e+03
1.237373990884080740e+03
1.237373990884080740e+03
1.237373990884080740e+03
1.237373990884080740e+03
1.237373990884080740e+03
1.237373990884080740e+03
1.237373990884080740e+03
1.237373990884080740e+03
1.237373990884080740e+03
1.237373990884080740e+03
1.237373990884080740e+03
1.237373990884080740e+03
1.237373990884080740e+03
1.237373990884080740e+03
1.237373990884080740e+03
1.237373990884080740e+03
1.237373990884080740e+03
1.237550455333868740e+03
1.237550455333868740e+03
1.237757785975828256e+03
1.237757785975828256e+03
1.237757785975828256e+03
1.237329839880319014e+03
1.237329839880319014e+03
1.237329839880319014e+03
1.237329839880319014e+03
1.236791727566394911e+03
1.236791727566394911e+03
1.236791727566394911e+03
1.237022600596260418e+03
1.238849066516007269e+03
1.238849066516007269e+03
1.238849066516007269e+03
1.238849066516007269e+03
1.238849066516007269e+03
1.238849066516007269e+03
1.238849066516007269e+03
1.241996899896522109e+03
1.241996899896522109e+03
1.244240437634122827e+03
1.237246072789188929e+03
1.237246072789188929e+03
1.238544123971096951e+03
1.238544123971096951e+03
1.241843519453405406e+03
1.236671224842608126e+03
1.236671224842608126e+03
1.236671224842608126e+03
1.236671224842608126e+03
1.236671224842608126e+03
1.236671224842608126e+03
1.236671224842608126e+03
1.236656804254170993e+03
1.236656804254170993e+03
1.236656804254170993e+03
1.236656804254170993e+03
1.236656804254170993e+03
1.236656804254170993e+03
1.236656804254170993e+03
1.236352750369290789e+03
1.236352750369290789e+03
1.237258162334091139e+03
1.237318064793331587e+03
1.237318064793331587e+03
1.237318064793331587e+03
1.237318064793331587e+03
1.236464196327962100e+03
1.235755841302942827e+03
1.235970284994541544e+03
1.235970284994541544e+03
1.235970284994541544e+03
1.235970284994541544e+03
1.235970284994541544e+03
1.235970284994541544e+03
1.235970284994541544e+03
1.235970284994541544e+03
1.235970284994541544e+03
1.235970284994541544e+03
1.237681326233343043e+03
1.235629636527250568e+03
1.235629636527250568e+03
1.235629636527250568e+03
1.235629636527250568e+03
1.235629636527250568e+03
1.235629636527250568e+03
1.236656451440781439e+03
1.235852690487655309e+03
1.235852690487655309e+03
1.235852690487655309e+03
1.235852690487655309e+03
1.235823769143026766e+03
1.235823769143026766e+03
1.235823769143026766e+03
1.235561492880185369e+03
1.235561492880185369e+03
1.235561492880185369e+03
1.235561492880185369e+03
1.235561492880185369e+03
1.235561492880185369e+03
1.235561492880185369e+03
1.235561492880185369e+03
1.237194264109616597e+03
1.237194264109616597e+03
1.237194264109616597e+03
1.237194264109616597e+03
1.236081961400125010e+03
1.236081961400125010e+03
1.236081961400125010e+03
1.236081961400125010e+03
1.236081961400125010e+03
1.236081961400125010e+03
1.236081961400125010e+03
1.236081961400125010e+03
1.236081961400125010e+03
1.236841450957293091e+03
1.235296423645287632e+03
1.236370583079761218e+03
1.238699544056487866e+03
1.238699544056487866e+03
1.236840313071923902e+03
1.236840313071923902e+03
1.236840313071923902e+03
1.235807468863620670e+03
1.235807468863620670e+03
1.235807468863620670e+03
1.235723179096822378e+03
1.235723179096822378e+03
1.235723179096822378e+03
1.235723179096822378e+03
1.235723179096822378e+03
1.235723179096822378e+03
1.241369020141562032e+03
1.240428275377360023e+03
1.240428275377360023e+03
1.235734228331509712e+03
1.235734228331509712e+03
1.235734228331509712e+03
1.235734228331509712e+03
1.235734228331509712e+03
1.235734228331509712e+03
1.235734228331509712e+03
1.235734228331509712e+03
1.237807980067513199e+03
1.237807980067513199e+03
1.235341059899768197e+03
1.236142632388193306e+03
1.236142632388193306e+03
1.234174982537300139e+03
1.234236007914072161e+03
1.234236007914072161e+03
1.234236007914072161e+03
1.234288213437973582e+03
1.234288213437973582e+03
1.234288213437973582e+03
1.234288213437973582e+03
1.234288213437973582e+03
1.234288213437973582e+03
1.234288213437973582e+03
1.234637958774713297e+03
1.233806395741426741e+03
1.233806395741426741e+03
1.238481866807098868e+03
1.238481866807098868e+03
1.238481866807098868e+03
1.238481866807098868e+03
1.239129025600042951e+03
1.234899273456925130e+03
1.234932382600420169e+03
1.234932382600420169e+03
1.235020146568804876e+03
1.235020146568804876e+03
1.233329061035137784e+03
1.233329061035137784e+03
1.233329061035137784e+03
1.233329061035137784e+03
1.233329061035137784e+03
1.235015145870135257e+03
1.235015145870135257e+03
1.234667577031131032e+03
1.234619043289093270e+03
1.234619043289093270e+03
1.234619043289093270e+03
1.234619043289093270e+03
1.234619043289093270e+03
1.234619043289093270e+03
1.234619043289093270e+03
1.234619043289093270e+03
1.233633671839183080e+03
1.233633671839183080e+03
1.233633671839183080e+03
1.233633671839183080e+03
1.234157312566796918e+03
1.234157312566796918e+03
1.234157312566796918e+03
1.234157312566796918e+03
1.234157312566796918e+03
1.234157312566796918e+03
1.236018118156441687e+03
1.236018118156441687e+03
1.236018118156441687e+03
1.233520867815046813e+03
1.233520867815046813e+03
1.233520867815046813e+03
1.233520867815046813e+03
1.233625685713730491e+03
1.233625685713730491e+03
1.233625685713730491e+03
1.233308937069510648e+03
1.237637276676161491e+03
1.237637276676161491e+03
1.237637276676161491e+03
1.237637276676161491e+03
1.237637276676161491e+03
1.237044569550735105e+03
1.237044569550735105e+03
1.236269854187467899e+03
1.236269854187467899e+03
