6.718781338541444370e+01 2.184845499604048599e-02 1.110191101704221806e-01 4.950000000000000233e-02 1.984890965963673081e-09 9.408350033015923097e-01
6.718781338541444370e+01 2.184845499604048599e-02 1.110191101704221806e-01 4.950000000000000233e-02 1.984890965963673081e-09 9.408350033015923097e-01
6.718781338541444370e+01 2.184845499604048599e-02 1.110191101704221806e-01 4.950000000000000233e-02 1.984890965963673081e-09 9.408350033015923097e-01
6.718781338541444370e+01 2.184845499604048599e-02 1.110191101704221806e-01 4.950000000000000233e-02 1.984890965963673081e-09 9.408350033015923097e-01
6.718781338541444370e+01 2.184845499604048599e-02 1.110191101704221806e-01 4.950000000000000233e-02 1.984890965963673081e-09 9.408350033015923097e-01
6.718781338541444370e+01 2.184845499604048599e-02 1.110191101704221806e-01 4.950000000000000233e-02 1.984890965963673081e-09 9.408350033015923097e-01
6.718781338541444370e+01 2.184845499604048599e-02 1.110191101704221806e-01 4.950000000000000233e-02 1.984890965963673081e-09 9.408350033015923097e-01
6.718781338541444370e+01 2.184845499604048599e-02 1.110191101704221806e-01 4.950000000000000233e-02 1.984890965963673081e-09 9.408350033015923097e-01
6.718781338541444370e+01 2.184845499604048599e-02 1.110191101704221806e-01 4.950000000000000233e-02 1.984890965963673081e-09 9.408350033015923097e-01
6.733756612253282015e+01 2.185590928871428140e-02 1.109025157341282097e-01 4.906088696817809819e-02 1.972895048575885486e-09 9.407438729177538539e-01
6.733756612253282015e+01 2.185590928871428140e-02 1.109025157341282097e-01 4.906088696817809819e-02 1.972895048575885486e-09 9.407438729177538539e-01
6.733756612253282015e+01 2.185590928871428140e-02 1.109025157341282097e-01 4.906088696817809819e-02 1.972895048575885486e-09 9.407438729177538539e-01
6.728663403287552569e+01 2.191232341264374994e-02 1.110757716317774535e-01 4.941939826213435222e-02 1.984327519694991653e-09 9.416347265392609467e-01
6.728663403287552569e+01 2.191232341264374994e-02 1.110757716317774535e-01 4.941939826213435222e-02 1.984327519694991653e-09 9.416347265392609467e-01
6.728663403287552569e+01 2.191232341264374994e-02 1.110757716317774535e-01 4.941939826213435222e-02 1.984327519694991653e-09 9.416347265392609467e-01
6.728663403287552569e+01 2.191232341264374994e-02 1.110757716317774535e-01 4.941939826213435222e-02 1.984327519694991653e-09 9.416347265392609467e-01
6.728663403287552569e+01 2.191232341264374994e-02 1.110757716317774535e-01 4.941939826213435222e-02 1.984327519694991653e-09 9.416347265392609467e-01
6.728663403287552569e+01 2.191232341264374994e-02 1.110757716317774535e-01 4.941939826213435222e-02 1.984327519694991653e-09 9.416347265392609467e-01
6.728663403287552569e+01 2.191232341264374994e-02 1.110757716317774535e-01 4.941939826213435222e-02 1.984327519694991653e-09 9.416347265392609467e-01
6.728663403287552569e+01 2.191232341264374994e-02 1.110757716317774535e-01 4.941939826213435222e-02 1.984327519694991653e-09 9.416347265392609467e-01
6.728663403287552569e+01 2.191232341264374994e-02 1.110757716317774535e-01 4.941939826213435222e-02 1.984327519694991653e-09 9.416347265392609467e-01
6.728663403287552569e+01 2.191232341264374994e-02 1.110757716317774535e-01 4.941939826213435222e-02 1.984327519694991653e-09 9.416347265392609467e-01
6.728663403287552569e+01 2.191232341264374994e-02 1.110757716317774535e-01 4.941939826213435222e-02 1.984327519694991653e-09 9.416347265392609467e-01
6.732423966209331923e+01 2.181151460391303476e-02 1.106328065895019613e-01 4.898637730036840832e-02 1.968298211874152631e-09 9.399944384460295899e-01
6.732423966209331923e+01 2.181151460391303476e-02 1.106328065895019613e-01 4.898637730036840832e-02 1.968298211874152631e-09 9.399944384460295899e-01
6.732423966209331923e+01 2.181151460391303476e-02 1.106328065895019613e-01 4.898637730036840832e-02 1.968298211874152631e-09 9.399944384460295899e-01
6.732423966209331923e+01 2.181151460391303476e-02 1.106328065895019613e-01 4.898637730036840832e-02 1.968298211874152631e-09 9.399944384460295899e-01
6.732423966209331923e+01 2.181151460391303476e-02 1.106328065895019613e-01 4.898637730036840832e-02 1.968298211874152631e-09 9.399944384460295899e-01
6.732423966209331923e+01 2.181151460391303476e-02 1.106328065895019613e-01 4.898637730036840832e-02 1.968298211874152631e-09 9.399944384460295899e-01
6.732423966209331923e+01 2.181151460391303476e-02 1.106328065895019613e-01 4.898637730036840832e-02 1.968298211874152631e-09 9.399944384460295899e-01
6.732423966209331923e+01 2.181151460391303476e-02 1.106328065895019613e-01 4.898637730036840832e-02 1.968298211874152631e-09 9.399944384460295899e-01
6.732423966209331923e+01 2.181151460391303476e-02 1.106328065895019613e-01 4.898637730036840832e-02 1.968298211874152631e-09 9.399944384460295899e-01
6.732423966209331923e+01 2.181151460391303476e-02 1.106328065895019613e-01 4.898637730036840832e-02 1.968298211874152631e-09 9.399944384460295899e-01
6.740225530809853183e+01 2.184779839785248867e-02 1.104268940258413267e-01 5.001430447862874329e-02 1.993248080817356236e-09 9.416881491355026945e-01
6.740225530809853183e+01 2.184779839785248867e-02 1.104268940258413267e-01 5.001430447862874329e-02 1.993248080817356236e-09 9.416881491355026945e-01
6.740225530809853183e+01 2.184779839785248867e-02 1.104268940258413267e-01 5.001430447862874329e-02 1.993248080817356236e-09 9.416881491355026945e-01
6.702161935182482466e+01 2.178366971683919073e-02 1.110152486068333444e-01 4.876495719913238880e-02 1.965218286646213159e-09 9.393573468044706942e-01
6.702161935182482466e+01 2.178366971683919073e-02 1.110152486068333444e-01 4.876495719913238880e-02 1.965218286646213159e-09 9.393573468044706942e-01
6.702161935182482466e+01 2.178366971683919073e-02 1.110152486068333444e-01 4.876495719913238880e-02 1.965218286646213159e-09 9.393573468044706942e-01
6.702161935182482466e+01 2.178366971683919073e-02 1.110152486068333444e-01 4.876495719913238880e-02 1.965218286646213159e-09 9.393573468044706942e-01
6.702161935182482466e+01 2.178366971683919073e-02 1.110152486068333444e-01 4.876495719913238880e-02 1.965218286646213159e-09 9.393573468044706942e-01
6.747375470297950528e+01 2.187631009249337358e-02 1.103129253126941267e-01 4.939623105020441579e-02 1.978484858213828076e-09 9.426336293935357880e-01
6.747375470297950528e+01 2.187631009249337358e-02 1.103129253126941267e-01 4.939623105020441579e-02 1.978484858213828076e-09 9.426336293935357880e-01
6.747375470297950528e+01 2.187631009249337358e-02 1.103129253126941267e-01 4.939623105020441579e-02 1.978484858213828076e-09 9.426336293935357880e-01
6.747375470297950528e+01 2.187631009249337358e-02 1.103129253126941267e-01 4.939623105020441579e-02 1.978484858213828076e-09 9.426336293935357880e-01
6.747375470297950528e+01 2.187631009249337358e-02 1.103129253126941267e-01 4.939623105020441579e-02 1.978484858213828076e-09 9.426336293935357880e-01
6.747375470297950528e+01 2.187631009249337358e-02 1.103129253126941267e-01 4.939623105020441579e-02 1.978484858213828076e-09 9.426336293935357880e-01
6.747375470297950528e+01 2.187631009249337358e-02 1.103129253126941267e-01 4.939623105020441579e-02 1.978484858213828076e-09 9.426336293935357880e-01
6.747375470297950528e+01 2.187631009249337358e-02 1.103129253126941267e-01 4.939623105020441579e-02 1.978484858213828076e-09 9.426336293935357880e-01
6.747375470297950528e+01 2.187631009249337358e-02 1.103129253126941267e-01 4.939623105020441579e-02 1.978484858213828076e-09 9.426336293935357880e-01
6.747375470297950528e+01 2.187631009249337358e-02 1.103129253126941267e-01 4.939623105020441579e-02 1.978484858213828076e-09 9.426336293935357880e-01
6.747375470297950528e+01 2.187631009249337358e-02 1.103129253126941267e-01 4.939623105020441579e-02 1.978484858213828076e-09 9.426336293935357880e-01
6.747375470297950528e+01 2.187631009249337358e-02 1.103129253126941267e-01 4.939623105020441579e-02 1.978484858213828076e-09 9.426336293935357880e-01
6.747375470297950528e+01 2.187631009249337358e-02 1.103129253126941267e-01 4.939623105020441579e-02 1.978484858213828076e-09 9.426336293935357880e-01
6.752715093322528617e+01 2.189610538293148070e-02 1.101877267637588059e-01 4.875613176470844357e-02 1.962412385561104138e-09 9.429930340813197365e-01
6.734438643742520014e+01 2.189360514161047683e-02 1.107670174710162075e-01 4.934599574578844849e-02 1.982166608408696806e-09 9.438100557347726127e-01
6.733900411811274012e+01 2.189235941936285706e-02 1.109704591693974618e-01 4.994522943921958502e-02 1.998114445753595959e-09 9.436687737988518343e-01
6.733900411811274012e+01 2.189235941936285706e-02 1.109704591693974618e-01 4.994522943921958502e-02 1.998114445753595959e-09 9.436687737988518343e-01
6.733900411811274012e+01 2.189235941936285706e-02 1.109704591693974618e-01 4.994522943921958502e-02 1.998114445753595959e-09 9.436687737988518343e-01
6.733900411811274012e+01 2.189235941936285706e-02 1.109704591693974618e-01 4.994522943921958502e-02 1.998114445753595959e-09 9.436687737988518343e-01
6.733900411811274012e+01 2.189235941936285706e-02 1.109704591693974618e-01 4.994522943921958502e-02 1.998114445753595959e-09 9.436687737988518343e-01
6.693809449765677755e+01 2.182726099864686076e-02 1.117710492615996698e-01 4.955490809844777939e-02 1.994308029799224266e-09 9.420972280896086071e-01
6.693809449765677755e+01 2.182726099864686076e-02 1.117710492615996698e-01 4.955490809844777939e-02 1.994308029799224266e-09 9.420972280896086071e-01
6.693809449765677755e+01 2.182726099864686076e-02 1.117710492615996698e-01 4.955490809844777939e-02 1.994308029799224266e-09 9.420972280896086071e-01
6.693809449765677755e+01 2.182726099864686076e-02 1.117710492615996698e-01 4.955490809844777939e-02 1.994308029799224266e-09 9.420972280896086071e-01
6.693809449765677755e+01 2.182726099864686076e-02 1.117710492615996698e-01 4.955490809844777939e-02 1.994308029799224266e-09 9.420972280896086071e-01
6.693809449765677755e+01 2.182726099864686076e-02 1.117710492615996698e-01 4.955490809844777939e-02 1.994308029799224266e-09 9.420972280896086071e-01
6.693809449765677755e+01 2.182726099864686076e-02 1.117710492615996698e-01 4.955490809844777939e-02 1.994308029799224266e-09 9.420972280896086071e-01
6.693809449765677755e+01 2.182726099864686076e-02 1.117710492615996698e-01 4.955490809844777939e-02 1.994308029799224266e-09 9.420972280896086071e-01
6.693809449765677755e+01 2.182726099864686076e-02 1.117710492615996698e-01 4.955490809844777939e-02 1.994308029799224266e-09 9.420972280896086071e-01
6.704497650610323944e+01 2.187717024719312495e-02 1.116518553286263565e-01 5.006872413578715431e-02 2.006320077672913566e-09 9.430575665674293395e-01
6.706078613483384743e+01 2.181810021378673484e-02 1.111655719509833523e-01 4.819472796977804924e-02 1.957351757108387148e-09 9.432750222202667123e-01
6.706078613483384743e+01 2.181810021378673484e-02 1.111655719509833523e-01 4.819472796977804924e-02 1.957351757108387148e-09 9.432750222202667123e-01
6.706078613483384743e+01 2.181810021378673484e-02 1.111655719509833523e-01 4.819472796977804924e-02 1.957351757108387148e-09 9.432750222202667123e-01
6.706078613483384743e+01 2.181810021378673484e-02 1.111655719509833523e-01 4.819472796977804924e-02 1.957351757108387148e-09 9.432750222202667123e-01
6.706078613483384743e+01 2.181810021378673484e-02 1.111655719509833523e-01 4.819472796977804924e-02 1.957351757108387148e-09 9.432750222202667123e-01
6.706078613483384743e+01 2.181810021378673484e-02 1.111655719509833523e-01 4.819472796977804924e-02 1.957351757108387148e-09 9.432750222202667123e-01
6.733605137313168143e+01 2.182935941594399756e-02 1.105751526239312638e-01 4.906215000622096700e-02 1.974160322966995024e-09 9.442279789089008668e-01
6.733605137313168143e+01 2.182935941594399756e-02 1.105751526239312638e-01 4.906215000622096700e-02 1.974160322966995024e-09 9.442279789089008668e-01
6.716500954384940769e+01 2.180867539576187078e-02 1.109246993491785488e-01 4.925977793449892034e-02 1.980964359601049691e-09 9.439653296568845109e-01
6.716500954384940769e+01 2.180867539576187078e-02 1.109246993491785488e-01 4.925977793449892034e-02 1.980964359601049691e-09 9.439653296568845109e-01
6.716500954384940769e+01 2.180867539576187078e-02 1.109246993491785488e-01 4.925977793449892034e-02 1.980964359601049691e-09 9.439653296568845109e-01
6.716500954384940769e+01 2.180867539576187078e-02 1.109246993491785488e-01 4.925977793449892034e-02 1.980964359601049691e-09 9.439653296568845109e-01
6.716500954384940769e+01 2.180867539576187078e-02 1.109246993491785488e-01 4.925977793449892034e-02 1.980964359601049691e-09 9.439653296568845109e-01
6.716500954384940769e+01 2.180867539576187078e-02 1.109246993491785488e-01 4.925977793449892034e-02 1.980964359601049691e-09 9.439653296568845109e-01
6.716500954384940769e+01 2.180867539576187078e-02 1.109246993491785488e-01 4.925977793449892034e-02 1.980964359601049691e-09 9.439653296568845109e-01
6.716500954384940769e+01 2.180867539576187078e-02 1.109246993491785488e-01 4.925977793449892034e-02 1.980964359601049691e-09 9.439653296568845109e-01
6.716500954384940769e+01 2.180867539576187078e-02 1.109246993491785488e-01 4.925977793449892034e-02 1.980964359601049691e-09 9.439653296568845109e-01
6.695135488664837453e+01 2.173817967617258651e-02 1.110046054615390493e-01 4.884550913881935408e-02 1.969405219491738389e-09 9.422609068051256420e-01
6.695135488664837453e+01 2.173817967617258651e-02 1.110046054615390493e-01 4.884550913881935408e-02 1.969405219491738389e-09 9.422609068051256420e-01
6.695135488664837453e+01 2.173817967617258651e-02 1.110046054615390493e-01 4.884550913881935408e-02 1.969405219491738389e-09 9.422609068051256420e-01
6.713958257108282623e+01 2.178330561662546530e-02 1.106175608877732752e-01 5.002970091632564370e-02 1.995594366114209843e-09 9.439877826987025378e-01
6.713958257108282623e+01 2.178330561662546530e-02 1.106175608877732752e-01 5.002970091632564370e-02 1.995594366114209843e-09 9.439877826987025378e-01
6.713958257108282623e+01 2.178330561662546530e-02 1.106175608877732752e-01 5.002970091632564370e-02 1.995594366114209843e-09 9.439877826987025378e-01
6.713958257108282623e+01 2.178330561662546530e-02 1.106175608877732752e-01 5.002970091632564370e-02 1.995594366114209843e-09 9.439877826987025378e-01
6.713958257108282623e+01 2.178330561662546530e-02 1.106175608877732752e-01 5.002970091632564370e-02 1.995594366114209843e-09 9.439877826987025378e-01
6.713958257108282623e+01 2.178330561662546530e-02 1.106175608877732752e-01 5.002970091632564370e-02 1.995594366114209843e-09 9.439877826987025378e-01
6.713958257108282623e+01 2.178330561662546530e-02 1.106175608877732752e-01 5.002970091632564370e-02 1.995594366114209843e-09 9.439877826987025378e-01
6.715890207397629297e+01 2.176039423407102880e-02 1.107480295783531132e-01 4.910116783487166597e-02 1.972591945308476732e-09 9.425273175602306708e-01
6.715890207397629297e+01 2.176039423407102880e-02 1.107480295783531132e-01 4.910116783487166597e-02 1.972591945308476732e-09 9.425273175602306708e-01
6.715890207397629297e+01 2.176039423407102880e-02 1.107480295783531132e-01 4.910116783487166597e-02 1.972591945308476732e-09 9.425273175602306708e-01
6.709230151247930962e+01 2.171968223681288931e-02 1.107710502367213606e-01 4.964407053654189966e-02 1.986107805199113875e-09 9.419194931054936104e-01
6.709230151247930962e+01 2.171968223681288931e-02 1.107710502367213606e-01 4.964407053654189966e-02 1.986107805199113875e-09 9.419194931054936104e-01
6.693634208331981483e+01 2.168626779071743116e-02 1.108721514823067245e-01 4.942013111852947699e-02 1.982433608109682508e-09 9.414978817874438688e-01
6.693634208331981483e+01 2.168626779071743116e-02 1.108721514823067245e-01 4.942013111852947699e-02 1.982433608109682508e-09 9.414978817874438688e-01
6.693634208331981483e+01 2.168626779071743116e-02 1.108721514823067245e-01 4.942013111852947699e-02 1.982433608109682508e-09 9.414978817874438688e-01
6.693634208331981483e+01 2.168626779071743116e-02 1.108721514823067245e-01 4.942013111852947699e-02 1.982433608109682508e-09 9.414978817874438688e-01
6.694978659475717109e+01 2.171116399988012868e-02 1.106520443103349016e-01 4.859689019749906247e-02 1.961865529974626763e-09 9.422041577968462978e-01
6.710766839371420645e+01 2.172026879635911498e-02 1.102831351019993578e-01 4.956580990526804342e-02 1.982643796249508159e-09 9.420451111168937075e-01
6.710766839371420645e+01 2.172026879635911498e-02 1.102831351019993578e-01 4.956580990526804342e-02 1.982643796249508159e-09 9.420451111168937075e-01
6.710766839371420645e+01 2.172026879635911498e-02 1.102831351019993578e-01 4.956580990526804342e-02 1.982643796249508159e-09 9.420451111168937075e-01
6.710766839371420645e+01 2.172026879635911498e-02 1.102831351019993578e-01 4.956580990526804342e-02 1.982643796249508159e-09 9.420451111168937075e-01
6.710766839371420645e+01 2.172026879635911498e-02 1.102831351019993578e-01 4.956580990526804342e-02 1.982643796249508159e-09 9.420451111168937075e-01
6.710766839371420645e+01 2.172026879635911498e-02 1.102831351019993578e-01 4.956580990526804342e-02 1.982643796249508159e-09 9.420451111168937075e-01
6.689703377460077149e+01 2.167258150373729472e-02 1.111369434478821638e-01 4.809339221049897806e-02 1.954639826617973684e-09 9.403968596712912742e-01
6.689703377460077149e+01 2.167258150373729472e-02 1.111369434478821638e-01 4.809339221049897806e-02 1.954639826617973684e-09 9.403968596712912742e-01
6.689703377460077149e+01 2.167258150373729472e-02 1.111369434478821638e-01 4.809339221049897806e-02 1.954639826617973684e-09 9.403968596712912742e-01
6.689703377460077149e+01 2.167258150373729472e-02 1.111369434478821638e-01 4.809339221049897806e-02 1.954639826617973684e-09 9.403968596712912742e-01
6.677473412838689626e+01 2.168477212899126011e-02 1.113949601150870522e-01 4.828988364053261179e-02 1.961871374941577467e-09 9.408178660116388592e-01
6.677473412838689626e+01 2.168477212899126011e-02 1.113949601150870522e-01 4.828988364053261179e-02 1.961871374941577467e-09 9.408178660116388592e-01
6.677473412838689626e+01 2.168477212899126011e-02 1.113949601150870522e-01 4.828988364053261179e-02 1.961871374941577467e-09 9.408178660116388592e-01
6.711422343631303988e+01 2.172270500742948945e-02 1.108489061486944149e-01 4.854271020107444462e-02 1.964732480630663160e-09 9.425629224576301812e-01
6.733816122531683845e+01 2.178082266417510904e-02 1.107570313841057114e-01 4.941457702429010584e-02 1.986784193798424426e-09 9.439551138958793830e-01
6.733816122531683845e+01 2.178082266417510904e-02 1.107570313841057114e-01 4.941457702429010584e-02 1.986784193798424426e-09 9.439551138958793830e-01
6.746305796086497253e+01 2.181864360987154083e-02 1.105281690565331626e-01 4.935417153575943211e-02 1.985256126674782487e-09 9.450193530774458894e-01
6.746305796086497253e+01 2.181864360987154083e-02 1.105281690565331626e-01 4.935417153575943211e-02 1.985256126674782487e-09 9.450193530774458894e-01
6.746305796086497253e+01 2.181864360987154083e-02 1.105281690565331626e-01 4.935417153575943211e-02 1.985256126674782487e-09 9.450193530774458894e-01
6.746305796086497253e+01 2.181864360987154083e-02 1.105281690565331626e-01 4.935417153575943211e-02 1.985256126674782487e-09 9.450193530774458894e-01
6.750029601556404657e+01 2.188795154183223110e-02 1.108004738611411272e-01 4.886570848183303950e-02 1.977517237568021295e-09 9.469775212670766829e-01
6.750029601556404657e+01 2.188795154183223110e-02 1.108004738611411272e-01 4.886570848183303950e-02 1.977517237568021295e-09 9.469775212670766829e-01
6.750029601556404657e+01 2.188795154183223110e-02 1.108004738611411272e-01 4.886570848183303950e-02 1.977517237568021295e-09 9.469775212670766829e-01
6.750029601556404657e+01 2.188795154183223110e-02 1.108004738611411272e-01 4.886570848183303950e-02 1.977517237568021295e-09 9.469775212670766829e-01
6.750029601556404657e+01 2.188795154183223110e-02 1.108004738611411272e-01 4.886570848183303950e-02 1.977517237568021295e-09 9.469775212670766829e-01
6.750029601556404657e+01 2.188795154183223110e-02 1.108004738611411272e-01 4.886570848183303950e-02 1.977517237568021295e-09 9.469775212670766829e-01
6.750029601556404657e+01 2.188795154183223110e-02 1.108004738611411272e-01 4.886570848183303950e-02 1.977517237568021295e-09 9.469775212670766829e-01
6.750029601556404657e+01 2.188795154183223110e-02 1.108004738611411272e-01 4.886570848183303950e-02 1.977517237568021295e-09 9.469775212670766829e-01
6.750029601556404657e+01 2.188795154183223110e-02 1.108004738611411272e-01 4.886570848183303950e-02 1.977517237568021295e-09 9.469775212670766829e-01
6.750029601556404657e+01 2.188795154183223110e-02 1.108004738611411272e-01 4.886570848183303950e-02 1.977517237568021295e-09 9.469775212670766829e-01
6.750029601556404657e+01 2.188795154183223110e-02 1.108004738611411272e-01 4.886570848183303950e-02 1.977517237568021295e-09 9.469775212670766829e-01
6.750029601556404657e+01 2.188795154183223110e-02 1.108004738611411272e-01 4.886570848183303950e-02 1.977517237568021295e-09 9.469775212670766829e-01
6.750029601556404657e+01 2.188795154183223110e-02 1.108004738611411272e-01 4.886570848183303950e-02 1.977517237568021295e-09 9.469775212670766829e-01
6.750029601556404657e+01 2.188795154183223110e-02 1.108004738611411272e-01 4.886570848183303950e-02 1.977517237568021295e-09 9.469775212670766829e-01
6.750029601556404657e+01 2.188795154183223110e-02 1.108004738611411272e-01 4.886570848183303950e-02 1.977517237568021295e-09 9.469775212670766829e-01
6.750029601556404657e+01 2.188795154183223110e-02 1.108004738611411272e-01 4.886570848183303950e-02 1.977517237568021295e-09 9.469775212670766829e-01
6.776341249700332980e+01 2.188863021290814517e-02 1.100433538939555311e-01 4.934490133689242025e-02 1.981691777946217325e-09 9.466571281662907733e-01
6.776341249700332980e+01 2.188863021290814517e-02 1.100433538939555311e-01 4.934490133689242025e-02 1.981691777946217325e-09 9.466571281662907733e-01
6.776341249700332980e+01 2.188863021290814517e-02 1.100433538939555311e-01 4.934490133689242025e-02 1.981691777946217325e-09 9.466571281662907733e-01
6.776341249700332980e+01 2.188863021290814517e-02 1.100433538939555311e-01 4.934490133689242025e-02 1.981691777946217325e-09 9.466571281662907733e-01
6.776341249700332980e+01 2.188863021290814517e-02 1.100433538939555311e-01 4.934490133689242025e-02 1.981691777946217325e-09 9.466571281662907733e-01
6.783429519833654808e+01 2.197632389169286438e-02 1.101534141902940217e-01 4.923492954822489970e-02 1.980816573858219372e-09 9.473923755071739228e-01
6.783429519833654808e+01 2.197632389169286438e-02 1.101534141902940217e-01 4.923492954822489970e-02 1.980816573858219372e-09 9.473923755071739228e-01
6.783429519833654808e+01 2.197632389169286438e-02 1.101534141902940217e-01 4.923492954822489970e-02 1.980816573858219372e-09 9.473923755071739228e-01
6.783429519833654808e+01 2.197632389169286438e-02 1.101534141902940217e-01 4.923492954822489970e-02 1.980816573858219372e-09 9.473923755071739228e-01
6.783429519833654808e+01 2.197632389169286438e-02 1.101534141902940217e-01 4.923492954822489970e-02 1.980816573858219372e-09 9.473923755071739228e-01
6.783429519833654808e+01 2.197632389169286438e-02 1.101534141902940217e-01 4.923492954822489970e-02 1.980816573858219372e-09 9.473923755071739228e-01
6.791652447296260675e+01 2.202448853433888049e-02 1.104071637731103839e-01 4.899589133263253238e-02 1.979409146423443530e-09 9.482271027253139639e-01
6.791652447296260675e+01 2.202448853433888049e-02 1.104071637731103839e-01 4.899589133263253238e-02 1.979409146423443530e-09 9.482271027253139639e-01
6.791652447296260675e+01 2.202448853433888049e-02 1.104071637731103839e-01 4.899589133263253238e-02 1.979409146423443530e-09 9.482271027253139639e-01
6.783704206963474803e+01 2.201209639357328690e-02 1.104985976911082579e-01 4.972908587939826874e-02 1.998071691552890761e-09 9.476219319314814760e-01
6.817914810722473362e+01 2.206109513563709115e-02 1.100468894128484587e-01 4.977447212768678492e-02 1.997852723841012555e-09 9.497179787464623546e-01
6.817914810722473362e+01 2.206109513563709115e-02 1.100468894128484587e-01 4.977447212768678492e-02 1.997852723841012555e-09 9.497179787464623546e-01
6.817914810722473362e+01 2.206109513563709115e-02 1.100468894128484587e-01 4.977447212768678492e-02 1.997852723841012555e-09 9.497179787464623546e-01
6.817914810722473362e+01 2.206109513563709115e-02 1.100468894128484587e-01 4.977447212768678492e-02 1.997852723841012555e-09 9.497179787464623546e-01
6.817914810722473362e+01 2.206109513563709115e-02 1.100468894128484587e-01 4.977447212768678492e-02 1.997852723841012555e-09 9.497179787464623546e-01
6.817914810722473362e+01 2.206109513563709115e-02 1.100468894128484587e-01 4.977447212768678492e-02 1.997852723841012555e-09 9.497179787464623546e-01
6.817914810722473362e+01 2.206109513563709115e-02 1.100468894128484587e-01 4.977447212768678492e-02 1.997852723841012555e-09 9.497179787464623546e-01
6.793515616629596821e+01 2.206171060941854514e-02 1.106705319918118852e-01 4.936993632991433512e-02 1.994842475748998058e-09 9.495926128468094030e-01
6.793515616629596821e+01 2.206171060941854514e-02 1.106705319918118852e-01 4.936993632991433512e-02 1.994842475748998058e-09 9.495926128468094030e-01
6.793515616629596821e+01 2.206171060941854514e-02 1.106705319918118852e-01 4.936993632991433512e-02 1.994842475748998058e-09 9.495926128468094030e-01
6.793515616629596821e+01 2.206171060941854514e-02 1.106705319918118852e-01 4.936993632991433512e-02 1.994842475748998058e-09 9.495926128468094030e-01
6.793515616629596821e+01 2.206171060941854514e-02 1.106705319918118852e-01 4.936993632991433512e-02 1.994842475748998058e-09 9.495926128468094030e-01
6.793515616629596821e+01 2.206171060941854514e-02 1.106705319918118852e-01 4.936993632991433512e-02 1.994842475748998058e-09 9.495926128468094030e-01
6.793515616629596821e+01 2.206171060941854514e-02 1.106705319918118852e-01 4.936993632991433512e-02 1.994842475748998058e-09 9.495926128468094030e-01
6.793515616629596821e+01 2.206171060941854514e-02 1.106705319918118852e-01 4.936993632991433512e-02 1.994842475748998058e-09 9.495926128468094030e-01
6.793515616629596821e+01 2.206171060941854514e-02 1.106705319918118852e-01 4.936993632991433512e-02 1.994842475748998058e-09 9.495926128468094030e-01
6.793515616629596821e+01 2.206171060941854514e-02 1.106705319918118852e-01 4.936993632991433512e-02 1.994842475748998058e-09 9.495926128468094030e-01
6.793515616629596821e+01 2.206171060941854514e-02 1.106705319918118852e-01 4.936993632991433512e-02 1.994842475748998058e-09 9.495926128468094030e-01
6.793515616629596821e+01 2.206171060941854514e-02 1.106705319918118852e-01 4.936993632991433512e-02 1.994842475748998058e-09 9.495926128468094030e-01
6.793515616629596821e+01 2.206171060941854514e-02 1.106705319918118852e-01 4.936993632991433512e-02 1.994842475748998058e-09 9.495926128468094030e-01
6.793515616629596821e+01 2.206171060941854514e-02 1.106705319918118852e-01 4.936993632991433512e-02 1.994842475748998058e-09 9.495926128468094030e-01
6.793515616629596821e+01 2.206171060941854514e-02 1.106705319918118852e-01 4.936993632991433512e-02 1.994842475748998058e-09 9.495926128468094030e-01
6.793515616629596821e+01 2.206171060941854514e-02 1.106705319918118852e-01 4.936993632991433512e-02 1.994842475748998058e-09 9.495926128468094030e-01
6.793515616629596821e+01 2.206171060941854514e-02 1.106705319918118852e-01 4.936993632991433512e-02 1.994842475748998058e-09 9.495926128468094030e-01
6.746482524604081732e+01 2.192479304522135242e-02 1.111847218924367359e-01 4.892238290389683275e-02 1.984220169164593212e-09 9.465540918370263235e-01
6.746482524604081732e+01 2.192479304522135242e-02 1.111847218924367359e-01 4.892238290389683275e-02 1.984220169164593212e-09 9.465540918370263235e-01
6.746482524604081732e+01 2.192479304522135242e-02 1.111847218924367359e-01 4.892238290389683275e-02 1.984220169164593212e-09 9.465540918370263235e-01
6.746482524604081732e+01 2.192479304522135242e-02 1.111847218924367359e-01 4.892238290389683275e-02 1.984220169164593212e-09 9.465540918370263235e-01
6.746482524604081732e+01 2.192479304522135242e-02 1.111847218924367359e-01 4.892238290389683275e-02 1.984220169164593212e-09 9.465540918370263235e-01
6.746482524604081732e+01 2.192479304522135242e-02 1.111847218924367359e-01 4.892238290389683275e-02 1.984220169164593212e-09 9.465540918370263235e-01
6.746482524604081732e+01 2.192479304522135242e-02 1.111847218924367359e-01 4.892238290389683275e-02 1.984220169164593212e-09 9.465540918370263235e-01
6.746482524604081732e+01 2.192479304522135242e-02 1.111847218924367359e-01 4.892238290389683275e-02 1.984220169164593212e-09 9.465540918370263235e-01
6.746482524604081732e+01 2.192479304522135242e-02 1.111847218924367359e-01 4.892238290389683275e-02 1.984220169164593212e-09 9.465540918370263235e-01
6.746482524604081732e+01 2.192479304522135242e-02 1.111847218924367359e-01 4.892238290389683275e-02 1.984220169164593212e-09 9.465540918370263235e-01
6.746482524604081732e+01 2.192479304522135242e-02 1.111847218924367359e-01 4.892238290389683275e-02 1.984220169164593212e-09 9.465540918370263235e-01
6.769649608292793630e+01 2.200215380048421362e-02 1.108702281216551178e-01 4.917848351120251288e-02 1.989956178167694817e-09 9.489875418489491787e-01
6.769649608292793630e+01 2.200215380048421362e-02 1.108702281216551178e-01 4.917848351120251288e-02 1.989956178167694817e-09 9.489875418489491787e-01
6.769649608292793630e+01 2.200215380048421362e-02 1.108702281216551178e-01 4.917848351120251288e-02 1.989956178167694817e-09 9.489875418489491787e-01
6.769649608292793630e+01 2.200215380048421362e-02 1.108702281216551178e-01 4.917848351120251288e-02 1.989956178167694817e-09 9.489875418489491787e-01
6.769649608292793630e+01 2.200215380048421362e-02 1.108702281216551178e-01 4.917848351120251288e-02 1.989956178167694817e-09 9.489875418489491787e-01
6.769649608292793630e+01 2.200215380048421362e-02 1.108702281216551178e-01 4.917848351120251288e-02 1.989956178167694817e-09 9.489875418489491787e-01
6.769649608292793630e+01 2.200215380048421362e-02 1.108702281216551178e-01 4.917848351120251288e-02 1.989956178167694817e-09 9.489875418489491787e-01
6.769649608292793630e+01 2.200215380048421362e-02 1.108702281216551178e-01 4.917848351120251288e-02 1.989956178167694817e-09 9.489875418489491787e-01
6.769649608292793630e+01 2.200215380048421362e-02 1.108702281216551178e-01 4.917848351120251288e-02 1.989956178167694817e-09 9.489875418489491787e-01
6.769649608292793630e+01 2.200215380048421362e-02 1.108702281216551178e-01 4.917848351120251288e-02 1.989956178167694817e-09 9.489875418489491787e-01
6.769649608292793630e+01 2.200215380048421362e-02 1.108702281216551178e-01 4.917848351120251288e-02 1.989956178167694817e-09 9.489875418489491787e-01
6.769649608292793630e+01 2.200215380048421362e-02 1.108702281216551178e-01 4.917848351120251288e-02 1.989956178167694817e-09 9.489875418489491787e-01
6.769649608292793630e+01 2.200215380048421362e-02 1.108702281216551178e-01 4.917848351120251288e-02 1.989956178167694817e-09 9.489875418489491787e-01
6.769649608292793630e+01 2.200215380048421362e-02 1.108702281216551178e-01 4.917848351120251288e-02 1.989956178167694817e-09 9.489875418489491787e-01
6.769649608292793630e+01 2.200215380048421362e-02 1.108702281216551178e-01 4.917848351120251288e-02 1.989956178167694817e-09 9.489875418489491787e-01
6.769649608292793630e+01 2.200215380048421362e-02 1.108702281216551178e-01 4.917848351120251288e-02 1.989956178167694817e-09 9.489875418489491787e-01
6.769649608292793630e+01 2.200215380048421362e-02 1.108702281216551178e-01 4.917848351120251288e-02 1.989956178167694817e-09 9.489875418489491787e-01
6.769649608292793630e+01 2.200215380048421362e-02 1.108702281216551178e-01 4.917848351120251288e-02 1.989956178167694817e-09 9.489875418489491787e-01
6.769649608292793630e+01 2.200215380048421362e-02 1.108702281216551178e-01 4.917848351120251288e-02 1.989956178167694817e-09 9.489875418489491787e-01
6.756928661346579190e+01 2.209496796167464625e-02 1.116919026081563682e-01 4.953274607233985882e-02 2.006883565907826235e-09 9.514394102237084816e-01
6.756928661346579190e+01 2.209496796167464625e-02 1.116919026081563682e-01 4.953274607233985882e-02 2.006883565907826235e-09 9.514394102237084816e-01
6.756413888386178712e+01 2.209707357055598620e-02 1.118289100723625640e-01 4.987433599206888418e-02 2.016517445070563959e-09 9.521228475336376285e-01
6.756413888386178712e+01 2.209707357055598620e-02 1.118289100723625640e-01 4.987433599206888418e-02 2.016517445070563959e-09 9.521228475336376285e-01
6.756413888386178712e+01 2.209707357055598620e-02 1.118289100723625640e-01 4.987433599206888418e-02 2.016517445070563959e-09 9.521228475336376285e-01
6.721170579341404050e+01 2.204729329715718680e-02 1.124373319107657143e-01 4.880551569955261793e-02 1.993771967019923975e-09 9.507239617365190743e-01
6.721170579341404050e+01 2.204729329715718680e-02 1.124373319107657143e-01 4.880551569955261793e-02 1.993771967019923975e-09 9.507239617365190743e-01
6.721170579341404050e+01 2.204729329715718680e-02 1.124373319107657143e-01 4.880551569955261793e-02 1.993771967019923975e-09 9.507239617365190743e-01
6.721170579341404050e+01 2.204729329715718680e-02 1.124373319107657143e-01 4.880551569955261793e-02 1.993771967019923975e-09 9.507239617365190743e-01
6.721170579341404050e+01 2.204729329715718680e-02 1.124373319107657143e-01 4.880551569955261793e-02 1.993771967019923975e-09 9.507239617365190743e-01
6.721170579341404050e+01 2.204729329715718680e-02 1.124373319107657143e-01 4.880551569955261793e-02 1.993771967019923975e-09 9.507239617365190743e-01
6.721170579341404050e+01 2.204729329715718680e-02 1.124373319107657143e-01 4.880551569955261793e-02 1.993771967019923975e-09 9.507239617365190743e-01
6.721170579341404050e+01 2.204729329715718680e-02 1.124373319107657143e-01 4.880551569955261793e-02 1.993771967019923975e-09 9.507239617365190743e-01
6.721170579341404050e+01 2.204729329715718680e-02 1.124373319107657143e-01 4.880551569955261793e-02 1.993771967019923975e-09 9.507239617365190743e-01
6.752352972389991237e+01 2.204459724744468538e-02 1.118748598271338962e-01 4.849037001036760747e-02 1.981954922456107856e-09 9.504756084516633452e-01
6.752352972389991237e+01 2.204459724744468538e-02 1.118748598271338962e-01 4.849037001036760747e-02 1.981954922456107856e-09 9.504756084516633452e-01
6.752352972389991237e+01 2.204459724744468538e-02 1.118748598271338962e-01 4.849037001036760747e-02 1.981954922456107856e-09 9.504756084516633452e-01
6.752352972389991237e+01 2.204459724744468538e-02 1.118748598271338962e-01 4.849037001036760747e-02 1.981954922456107856e-09 9.504756084516633452e-01
6.752352972389991237e+01 2.204459724744468538e-02 1.118748598271338962e-01 4.849037001036760747e-02 1.981954922456107856e-09 9.504756084516633452e-01
6.752352972389991237e+01 2.204459724744468538e-02 1.118748598271338962e-01 4.849037001036760747e-02 1.981954922456107856e-09 9.504756084516633452e-01
6.752352972389991237e+01 2.204459724744468538e-02 1.118748598271338962e-01 4.849037001036760747e-02 1.981954922456107856e-09 9.504756084516633452e-01
6.752352972389991237e+01 2.204459724744468538e-02 1.118748598271338962e-01 4.849037001036760747e-02 1.981954922456107856e-09 9.504756084516633452e-01
6.742584277073110854e+01 2.207172286189560892e-02 1.121879690170310695e-01 4.921129281225584268e-02 2.002236433984531000e-09 9.508868288690178749e-01
6.742584277073110854e+01 2.207172286189560892e-02 1.121879690170310695e-01 4.921129281225584268e-02 2.002236433984531000e-09 9.508868288690178749e-01
6.742584277073110854e+01 2.207172286189560892e-02 1.121879690170310695e-01 4.921129281225584268e-02 2.002236433984531000e-09 9.508868288690178749e-01
6.742584277073110854e+01 2.207172286189560892e-02 1.121879690170310695e-01 4.921129281225584268e-02 2.002236433984531000e-09 9.508868288690178749e-01
6.742584277073110854e+01 2.207172286189560892e-02 1.121879690170310695e-01 4.921129281225584268e-02 2.002236433984531000e-09 9.508868288690178749e-01
6.742584277073110854e+01 2.207172286189560892e-02 1.121879690170310695e-01 4.921129281225584268e-02 2.002236433984531000e-09 9.508868288690178749e-01
6.742584277073110854e+01 2.207172286189560892e-02 1.121879690170310695e-01 4.921129281225584268e-02 2.002236433984531000e-09 9.508868288690178749e-01
6.742584277073110854e+01 2.207172286189560892e-02 1.121879690170310695e-01 4.921129281225584268e-02 2.002236433984531000e-09 9.508868288690178749e-01
6.742584277073110854e+01 2.207172286189560892e-02 1.121879690170310695e-01 4.921129281225584268e-02 2.002236433984531000e-09 9.508868288690178749e-01
6.742584277073110854e+01 2.207172286189560892e-02 1.121879690170310695e-01 4.921129281225584268e-02 2.002236433984531000e-09 9.508868288690178749e-01
6.742584277073110854e+01 2.207172286189560892e-02 1.121879690170310695e-01 4.921129281225584268e-02 2.002236433984531000e-09 9.508868288690178749e-01
6.742584277073110854e+01 2.207172286189560892e-02 1.121879690170310695e-01 4.921129281225584268e-02 2.002236433984531000e-09 9.508868288690178749e-01
6.742584277073110854e+01 2.207172286189560892e-02 1.121879690170310695e-01 4.921129281225584268e-02 2.002236433984531000e-09 9.508868288690178749e-01
6.742584277073110854e+01 2.207172286189560892e-02 1.121879690170310695e-01 4.921129281225584268e-02 2.002236433984531000e-09 9.508868288690178749e-01
6.765425253708330899e+01 2.205773005988595145e-02 1.114735921134856755e-01 4.960861022440092583e-02 2.006194807170811728e-09 9.511689080696813514e-01
6.765425253708330899e+01 2.205773005988595145e-02 1.114735921134856755e-01 4.960861022440092583e-02 2.006194807170811728e-09 9.511689080696813514e-01
6.765425253708330899e+01 2.205773005988595145e-02 1.114735921134856755e-01 4.960861022440092583e-02 2.006194807170811728e-09 9.511689080696813514e-01
6.765425253708330899e+01 2.205773005988595145e-02 1.114735921134856755e-01 4.960861022440092583e-02 2.006194807170811728e-09 9.511689080696813514e-01
6.765425253708330899e+01 2.205773005988595145e-02 1.114735921134856755e-01 4.960861022440092583e-02 2.006194807170811728e-09 9.511689080696813514e-01
6.765425253708330899e+01 2.205773005988595145e-02 1.114735921134856755e-01 4.960861022440092583e-02 2.006194807170811728e-09 9.511689080696813514e-01
6.765425253708330899e+01 2.205773005988595145e-02 1.114735921134856755e-01 4.960861022440092583e-02 2.006194807170811728e-09 9.511689080696813514e-01
6.782555585668762888e+01 2.210505989333500301e-02 1.110935700822132666e-01 4.873970254230280269e-02 1.981109776017756333e-09 9.512203550948719055e-01
6.782555585668762888e+01 2.210505989333500301e-02 1.110935700822132666e-01 4.873970254230280269e-02 1.981109776017756333e-09 9.512203550948719055e-01
6.772878009573560121e+01 2.209515597082574098e-02 1.112457784647767067e-01 4.910684053721230125e-02 1.988338705467799693e-09 9.498251956905851001e-01
6.772878009573560121e+01 2.209515597082574098e-02 1.112457784647767067e-01 4.910684053721230125e-02 1.988338705467799693e-09 9.498251956905851001e-01
6.772878009573560121e+01 2.209515597082574098e-02 1.112457784647767067e-01 4.910684053721230125e-02 1.988338705467799693e-09 9.498251956905851001e-01
6.759860976847676284e+01 2.210888217063418718e-02 1.114954390089761688e-01 4.931210617117237627e-02 1.995433503309943662e-09 9.494486254361431676e-01
6.759860976847676284e+01 2.210888217063418718e-02 1.114954390089761688e-01 4.931210617117237627e-02 1.995433503309943662e-09 9.494486254361431676e-01
6.759860976847676284e+01 2.210888217063418718e-02 1.114954390089761688e-01 4.931210617117237627e-02 1.995433503309943662e-09 9.494486254361431676e-01
6.759860976847676284e+01 2.210888217063418718e-02 1.114954390089761688e-01 4.931210617117237627e-02 1.995433503309943662e-09 9.494486254361431676e-01
6.759860976847676284e+01 2.210888217063418718e-02 1.114954390089761688e-01 4.931210617117237627e-02 1.995433503309943662e-09 9.494486254361431676e-01
6.759860976847676284e+01 2.210888217063418718e-02 1.114954390089761688e-01 4.931210617117237627e-02 1.995433503309943662e-09 9.494486254361431676e-01
6.751137810865999711e+01 2.217988227903489387e-02 1.122164144722288120e-01 4.948263843118689415e-02 2.007952291744405568e-09 9.504242689436241953e-01
6.751137810865999711e+01 2.217988227903489387e-02 1.122164144722288120e-01 4.948263843118689415e-02 2.007952291744405568e-09 9.504242689436241953e-01
6.751137810865999711e+01 2.217988227903489387e-02 1.122164144722288120e-01 4.948263843118689415e-02 2.007952291744405568e-09 9.504242689436241953e-01
6.702111696566710464e+01 2.204773612128652083e-02 1.129945563037627748e-01 4.924056068946746495e-02 2.004359694290039441e-09 9.475308261057019399e-01
6.702111696566710464e+01 2.204773612128652083e-02 1.129945563037627748e-01 4.924056068946746495e-02 2.004359694290039441e-09 9.475308261057019399e-01
6.748442142037794156e+01 2.206126014952632455e-02 1.119709087123058888e-01 4.921341141103771633e-02 1.996378965456469620e-09 9.486775536594814762e-01
6.746697304034037757e+01 2.217653537497199512e-02 1.125735503134538962e-01 4.870986509785921875e-02 1.991822929255859508e-09 9.508319255779229540e-01
6.746697304034037757e+01 2.217653537497199512e-02 1.125735503134538962e-01 4.870986509785921875e-02 1.991822929255859508e-09 9.508319255779229540e-01
6.746697304034037757e+01 2.217653537497199512e-02 1.125735503134538962e-01 4.870986509785921875e-02 1.991822929255859508e-09 9.508319255779229540e-01
6.746697304034037757e+01 2.217653537497199512e-02 1.125735503134538962e-01 4.870986509785921875e-02 1.991822929255859508e-09 9.508319255779229540e-01
6.746697304034037757e+01 2.217653537497199512e-02 1.125735503134538962e-01 4.870986509785921875e-02 1.991822929255859508e-09 9.508319255779229540e-01
6.746697304034037757e+01 2.217653537497199512e-02 1.125735503134538962e-01 4.870986509785921875e-02 1.991822929255859508e-09 9.508319255779229540e-01
6.746697304034037757e+01 2.217653537497199512e-02 1.125735503134538962e-01 4.870986509785921875e-02 1.991822929255859508e-09 9.508319255779229540e-01
6.746697304034037757e+01 2.217653537497199512e-02 1.125735503134538962e-01 4.870986509785921875e-02 1.991822929255859508e-09 9.508319255779229540e-01
6.746697304034037757e+01 2.217653537497199512e-02 1.125735503134538962e-01 4.870986509785921875e-02 1.991822929255859508e-09 9.508319255779229540e-01
6.746697304034037757e+01 2.217653537497199512e-02 1.125735503134538962e-01 4.870986509785921875e-02 1.991822929255859508e-09 9.508319255779229540e-01
6.750637840495804198e+01 2.216023147587548037e-02 1.128727949725979313e-01 4.948081379900823307e-02 2.013425536901614824e-09 9.510510939760349336e-01
6.750637840495804198e+01 2.216023147587548037e-02 1.128727949725979313e-01 4.948081379900823307e-02 2.013425536901614824e-09 9.510510939760349336e-01
6.755520045945469576e+01 2.210456226291849374e-02 1.126521094139297380e-01 4.906785565338406263e-02 2.000742561431587103e-09 9.501546279526323913e-01
6.755520045945469576e+01 2.210456226291849374e-02 1.126521094139297380e-01 4.906785565338406263e-02 2.000742561431587103e-09 9.501546279526323913e-01
6.748862454325451665e+01 2.213369898890179405e-02 1.128763645293613671e-01 4.884140990744315070e-02 1.998044066893672096e-09 9.511167847528777530e-01
6.748862454325451665e+01 2.213369898890179405e-02 1.128763645293613671e-01 4.884140990744315070e-02 1.998044066893672096e-09 9.511167847528777530e-01
6.748862454325451665e+01 2.213369898890179405e-02 1.128763645293613671e-01 4.884140990744315070e-02 1.998044066893672096e-09 9.511167847528777530e-01
6.748862454325451665e+01 2.213369898890179405e-02 1.128763645293613671e-01 4.884140990744315070e-02 1.998044066893672096e-09 9.511167847528777530e-01
6.748862454325451665e+01 2.213369898890179405e-02 1.128763645293613671e-01 4.884140990744315070e-02 1.998044066893672096e-09 9.511167847528777530e-01
6.782561774246757125e+01 2.220799692496069899e-02 1.122752370334920841e-01 4.876785192331127561e-02 1.994428847342198540e-09 9.531757236971246661e-01
6.782561774246757125e+01 2.220799692496069899e-02 1.122752370334920841e-01 4.876785192331127561e-02 1.994428847342198540e-09 9.531757236971246661e-01
6.782561774246757125e+01 2.220799692496069899e-02 1.122752370334920841e-01 4.876785192331127561e-02 1.994428847342198540e-09 9.531757236971246661e-01
6.782561774246757125e+01 2.220799692496069899e-02 1.122752370334920841e-01 4.876785192331127561e-02 1.994428847342198540e-09 9.531757236971246661e-01
6.782561774246757125e+01 2.220799692496069899e-02 1.122752370334920841e-01 4.876785192331127561e-02 1.994428847342198540e-09 9.531757236971246661e-01
6.782561774246757125e+01 2.220799692496069899e-02 1.122752370334920841e-01 4.876785192331127561e-02 1.994428847342198540e-09 9.531757236971246661e-01
6.782561774246757125e+01 2.220799692496069899e-02 1.122752370334920841e-01 4.876785192331127561e-02 1.994428847342198540e-09 9.531757236971246661e-01
6.782561774246757125e+01 2.220799692496069899e-02 1.122752370334920841e-01 4.876785192331127561e-02 1.994428847342198540e-09 9.531757236971246661e-01
6.782561774246757125e+01 2.220799692496069899e-02 1.122752370334920841e-01 4.876785192331127561e-02 1.994428847342198540e-09 9.531757236971246661e-01
6.782561774246757125e+01 2.220799692496069899e-02 1.122752370334920841e-01 4.876785192331127561e-02 1.994428847342198540e-09 9.531757236971246661e-01
6.782561774246757125e+01 2.220799692496069899e-02 1.122752370334920841e-01 4.876785192331127561e-02 1.994428847342198540e-09 9.531757236971246661e-01
6.782561774246757125e+01 2.220799692496069899e-02 1.122752370334920841e-01 4.876785192331127561e-02 1.994428847342198540e-09 9.531757236971246661e-01
6.782561774246757125e+01 2.220799692496069899e-02 1.122752370334920841e-01 4.876785192331127561e-02 1.994428847342198540e-09 9.531757236971246661e-01
6.782561774246757125e+01 2.220799692496069899e-02 1.122752370334920841e-01 4.876785192331127561e-02 1.994428847342198540e-09 9.531757236971246661e-01
6.782561774246757125e+01 2.220799692496069899e-02 1.122752370334920841e-01 4.876785192331127561e-02 1.994428847342198540e-09 9.531757236971246661e-01
6.803496711990445078e+01 2.219513048817027892e-02 1.117647749933779050e-01 4.972995084816541483e-02 2.013994448270045388e-09 9.535753814911070991e-01
6.803496711990445078e+01 2.219513048817027892e-02 1.117647749933779050e-01 4.972995084816541483e-02 2.013994448270045388e-09 9.535753814911070991e-01
6.803496711990445078e+01 2.219513048817027892e-02 1.117647749933779050e-01 4.972995084816541483e-02 2.013994448270045388e-09 9.535753814911070991e-01
6.803496711990445078e+01 2.219513048817027892e-02 1.117647749933779050e-01 4.972995084816541483e-02 2.013994448270045388e-09 9.535753814911070991e-01
6.803496711990445078e+01 2.219513048817027892e-02 1.117647749933779050e-01 4.972995084816541483e-02 2.013994448270045388e-09 9.535753814911070991e-01
6.803496711990445078e+01 2.219513048817027892e-02 1.117647749933779050e-01 4.972995084816541483e-02 2.013994448270045388e-09 9.535753814911070991e-01
6.803969189291890984e+01 2.226880689181045397e-02 1.117441076276439182e-01 4.879405933243390753e-02 1.990829300636307884e-09 9.540968975472285951e-01
6.803969189291890984e+01 2.226880689181045397e-02 1.117441076276439182e-01 4.879405933243390753e-02 1.990829300636307884e-09 9.540968975472285951e-01
6.803969189291890984e+01 2.226880689181045397e-02 1.117441076276439182e-01 4.879405933243390753e-02 1.990829300636307884e-09 9.540968975472285951e-01
6.803969189291890984e+01 2.226880689181045397e-02 1.117441076276439182e-01 4.879405933243390753e-02 1.990829300636307884e-09 9.540968975472285951e-01
6.803969189291890984e+01 2.226880689181045397e-02 1.117441076276439182e-01 4.879405933243390753e-02 1.990829300636307884e-09 9.540968975472285951e-01
6.803969189291890984e+01 2.226880689181045397e-02 1.117441076276439182e-01 4.879405933243390753e-02 1.990829300636307884e-09 9.540968975472285951e-01
6.803969189291890984e+01 2.226880689181045397e-02 1.117441076276439182e-01 4.879405933243390753e-02 1.990829300636307884e-09 9.540968975472285951e-01
6.803969189291890984e+01 2.226880689181045397e-02 1.117441076276439182e-01 4.879405933243390753e-02 1.990829300636307884e-09 9.540968975472285951e-01
6.766489049923328025e+01 2.221476132759226882e-02 1.122312205194402890e-01 4.838407138082158332e-02 1.983063134101135896e-09 9.529404623369182037e-01
6.798746832380368232e+01 2.221934375490109900e-02 1.113627615812710081e-01 4.913518281329425086e-02 1.995018551819639724e-09 9.530992399306225105e-01
6.798746832380368232e+01 2.221934375490109900e-02 1.113627615812710081e-01 4.913518281329425086e-02 1.995018551819639724e-09 9.530992399306225105e-01
6.798746832380368232e+01 2.221934375490109900e-02 1.113627615812710081e-01 4.913518281329425086e-02 1.995018551819639724e-09 9.530992399306225105e-01
6.798746832380368232e+01 2.221934375490109900e-02 1.113627615812710081e-01 4.913518281329425086e-02 1.995018551819639724e-09 9.530992399306225105e-01
6.798746832380368232e+01 2.221934375490109900e-02 1.113627615812710081e-01 4.913518281329425086e-02 1.995018551819639724e-09 9.530992399306225105e-01
6.798746832380368232e+01 2.221934375490109900e-02 1.113627615812710081e-01 4.913518281329425086e-02 1.995018551819639724e-09 9.530992399306225105e-01
6.798746832380368232e+01 2.221934375490109900e-02 1.113627615812710081e-01 4.913518281329425086e-02 1.995018551819639724e-09 9.530992399306225105e-01
6.773968809321894469e+01 2.224575105562581756e-02 1.121869000129144534e-01 4.949303898385494505e-02 2.010076720085874189e-09 9.531650478890557610e-01
6.773968809321894469e+01 2.224575105562581756e-02 1.121869000129144534e-01 4.949303898385494505e-02 2.010076720085874189e-09 9.531650478890557610e-01
6.773968809321894469e+01 2.224575105562581756e-02 1.121869000129144534e-01 4.949303898385494505e-02 2.010076720085874189e-09 9.531650478890557610e-01
6.773968809321894469e+01 2.224575105562581756e-02 1.121869000129144534e-01 4.949303898385494505e-02 2.010076720085874189e-09 9.531650478890557610e-01
6.773968809321894469e+01 2.224575105562581756e-02 1.121869000129144534e-01 4.949303898385494505e-02 2.010076720085874189e-09 9.531650478890557610e-01
6.773968809321894469e+01 2.224575105562581756e-02 1.121869000129144534e-01 4.949303898385494505e-02 2.010076720085874189e-09 9.531650478890557610e-01
6.773968809321894469e+01 2.224575105562581756e-02 1.121869000129144534e-01 4.949303898385494505e-02 2.010076720085874189e-09 9.531650478890557610e-01
6.758760402643765985e+01 2.222064247049372956e-02 1.125336107167008021e-01 4.961014279418620582e-02 2.014878609837064223e-09 9.529908750223099467e-01
6.758760402643765985e+01 2.222064247049372956e-02 1.125336107167008021e-01 4.961014279418620582e-02 2.014878609837064223e-09 9.529908750223099467e-01
6.756562627158929502e+01 2.216918090064889935e-02 1.124152401798132889e-01 4.892806689693132705e-02 1.998004488755770092e-09 9.530789023024008877e-01
6.741907810238920717e+01 2.215016509038359588e-02 1.123963120530911269e-01 4.937711522855237067e-02 2.008692016725894150e-09 9.533652130738972108e-01
6.741907810238920717e+01 2.215016509038359588e-02 1.123963120530911269e-01 4.937711522855237067e-02 2.008692016725894150e-09 9.533652130738972108e-01
6.741907810238920717e+01 2.215016509038359588e-02 1.123963120530911269e-01 4.937711522855237067e-02 2.008692016725894150e-09 9.533652130738972108e-01
6.741907810238920717e+01 2.215016509038359588e-02 1.123963120530911269e-01 4.937711522855237067e-02 2.008692016725894150e-09 9.533652130738972108e-01
6.741907810238920717e+01 2.215016509038359588e-02 1.123963120530911269e-01 4.937711522855237067e-02 2.008692016725894150e-09 9.533652130738972108e-01
6.741907810238920717e+01 2.215016509038359588e-02 1.123963120530911269e-01 4.937711522855237067e-02 2.008692016725894150e-09 9.533652130738972108e-01
6.741907810238920717e+01 2.215016509038359588e-02 1.123963120530911269e-01 4.937711522855237067e-02 2.008692016725894150e-09 9.533652130738972108e-01
6.714223408716812003e+01 2.211595881753324402e-02 1.128442108572429853e-01 4.934816345761294104e-02 2.010051784432433013e-09 9.521609757630767890e-01
6.714223408716812003e+01 2.211595881753324402e-02 1.128442108572429853e-01 4.934816345761294104e-02 2.010051784432433013e-09 9.521609757630767890e-01
6.714223408716812003e+01 2.211595881753324402e-02 1.128442108572429853e-01 4.934816345761294104e-02 2.010051784432433013e-09 9.521609757630767890e-01
6.714223408716812003e+01 2.211595881753324402e-02 1.128442108572429853e-01 4.934816345761294104e-02 2.010051784432433013e-09 9.521609757630767890e-01
6.714223408716812003e+01 2.211595881753324402e-02 1.128442108572429853e-01 4.934816345761294104e-02 2.010051784432433013e-09 9.521609757630767890e-01
6.742298671357133344e+01 2.217675177679633014e-02 1.122425889823513989e-01 4.958864299614438448e-02 2.012033623700208552e-09 9.543616105960117668e-01
6.742298671357133344e+01 2.217675177679633014e-02 1.122425889823513989e-01 4.958864299614438448e-02 2.012033623700208552e-09 9.543616105960117668e-01
6.742298671357133344e+01 2.217675177679633014e-02 1.122425889823513989e-01 4.958864299614438448e-02 2.012033623700208552e-09 9.543616105960117668e-01
6.694816258348369331e+01 2.212945971153769051e-02 1.131810487685663974e-01 4.869174749159201065e-02 1.994856594913596545e-09 9.517302691686180260e-01
6.694816258348369331e+01 2.212945971153769051e-02 1.131810487685663974e-01 4.869174749159201065e-02 1.994856594913596545e-09 9.517302691686180260e-01
6.694816258348369331e+01 2.212945971153769051e-02 1.131810487685663974e-01 4.869174749159201065e-02 1.994856594913596545e-09 9.517302691686180260e-01
6.694816258348369331e+01 2.212945971153769051e-02 1.131810487685663974e-01 4.869174749159201065e-02 1.994856594913596545e-09 9.517302691686180260e-01
6.694816258348369331e+01 2.212945971153769051e-02 1.131810487685663974e-01 4.869174749159201065e-02 1.994856594913596545e-09 9.517302691686180260e-01
6.704388118504429883e+01 2.214048973507808452e-02 1.129159106745332847e-01 4.878285821210439493e-02 1.994720409175675519e-09 9.519827691755765597e-01
6.704388118504429883e+01 2.214048973507808452e-02 1.129159106745332847e-01 4.878285821210439493e-02 1.994720409175675519e-09 9.519827691755765597e-01
6.704388118504429883e+01 2.214048973507808452e-02 1.129159106745332847e-01 4.878285821210439493e-02 1.994720409175675519e-09 9.519827691755765597e-01
6.704388118504429883e+01 2.214048973507808452e-02 1.129159106745332847e-01 4.878285821210439493e-02 1.994720409175675519e-09 9.519827691755765597e-01
6.704388118504429883e+01 2.214048973507808452e-02 1.129159106745332847e-01 4.878285821210439493e-02 1.994720409175675519e-09 9.519827691755765597e-01
6.704388118504429883e+01 2.214048973507808452e-02 1.129159106745332847e-01 4.878285821210439493e-02 1.994720409175675519e-09 9.519827691755765597e-01
6.704388118504429883e+01 2.214048973507808452e-02 1.129159106745332847e-01 4.878285821210439493e-02 1.994720409175675519e-09 9.519827691755765597e-01
6.704388118504429883e+01 2.214048973507808452e-02 1.129159106745332847e-01 4.878285821210439493e-02 1.994720409175675519e-09 9.519827691755765597e-01
6.704388118504429883e+01 2.214048973507808452e-02 1.129159106745332847e-01 4.878285821210439493e-02 1.994720409175675519e-09 9.519827691755765597e-01
6.724117101265376562e+01 2.223411242869679713e-02 1.127951662153507534e-01 4.976270033240864921e-02 2.021203908378412348e-09 9.547077348036129285e-01
6.724117101265376562e+01 2.223411242869679713e-02 1.127951662153507534e-01 4.976270033240864921e-02 2.021203908378412348e-09 9.547077348036129285e-01
6.735027156435913298e+01 2.223768705250080829e-02 1.126574672057162052e-01 4.966462729287501876e-02 2.017652452436869444e-09 9.551539645881216289e-01
6.735027156435913298e+01 2.223768705250080829e-02 1.126574672057162052e-01 4.966462729287501876e-02 2.017652452436869444e-09 9.551539645881216289e-01
6.735027156435913298e+01 2.223768705250080829e-02 1.126574672057162052e-01 4.966462729287501876e-02 2.017652452436869444e-09 9.551539645881216289e-01
6.735027156435913298e+01 2.223768705250080829e-02 1.126574672057162052e-01 4.966462729287501876e-02 2.017652452436869444e-09 9.551539645881216289e-01
6.735027156435913298e+01 2.223768705250080829e-02 1.126574672057162052e-01 4.966462729287501876e-02 2.017652452436869444e-09 9.551539645881216289e-01
6.711211201142995719e+01 2.222398831264570107e-02 1.132938109548097816e-01 4.970953479228452238e-02 2.022782183284914238e-09 9.535748039863316539e-01
6.711211201142995719e+01 2.222398831264570107e-02 1.132938109548097816e-01 4.970953479228452238e-02 2.022782183284914238e-09 9.535748039863316539e-01
6.711211201142995719e+01 2.222398831264570107e-02 1.132938109548097816e-01 4.970953479228452238e-02 2.022782183284914238e-09 9.535748039863316539e-01
6.711211201142995719e+01 2.222398831264570107e-02 1.132938109548097816e-01 4.970953479228452238e-02 2.022782183284914238e-09 9.535748039863316539e-01
6.741407542145827847e+01 2.221277850315606442e-02 1.124264676904498939e-01 4.980818339498274683e-02 2.019072651371948276e-09 9.537693983689313759e-01
6.741407542145827847e+01 2.221277850315606442e-02 1.124264676904498939e-01 4.980818339498274683e-02 2.019072651371948276e-09 9.537693983689313759e-01
6.741407542145827847e+01 2.221277850315606442e-02 1.124264676904498939e-01 4.980818339498274683e-02 2.019072651371948276e-09 9.537693983689313759e-01
6.741407542145827847e+01 2.221277850315606442e-02 1.124264676904498939e-01 4.980818339498274683e-02 2.019072651371948276e-09 9.537693983689313759e-01
6.741407542145827847e+01 2.221277850315606442e-02 1.124264676904498939e-01 4.980818339498274683e-02 2.019072651371948276e-09 9.537693983689313759e-01
6.741407542145827847e+01 2.221277850315606442e-02 1.124264676904498939e-01 4.980818339498274683e-02 2.019072651371948276e-09 9.537693983689313759e-01
6.741407542145827847e+01 2.221277850315606442e-02 1.124264676904498939e-01 4.980818339498274683e-02 2.019072651371948276e-09 9.537693983689313759e-01
6.741407542145827847e+01 2.221277850315606442e-02 1.124264676904498939e-01 4.980818339498274683e-02 2.019072651371948276e-09 9.537693983689313759e-01
6.741407542145827847e+01 2.221277850315606442e-02 1.124264676904498939e-01 4.980818339498274683e-02 2.019072651371948276e-09 9.537693983689313759e-01
6.748754943641560544e+01 2.230846517473307478e-02 1.126807106092862498e-01 4.961510996562136511e-02 2.018306101475694173e-09 9.559456327228208483e-01
6.748754943641560544e+01 2.230846517473307478e-02 1.126807106092862498e-01 4.961510996562136511e-02 2.018306101475694173e-09 9.559456327228208483e-01
6.748754943641560544e+01 2.230846517473307478e-02 1.126807106092862498e-01 4.961510996562136511e-02 2.018306101475694173e-09 9.559456327228208483e-01
6.748754943641560544e+01 2.230846517473307478e-02 1.126807106092862498e-01 4.961510996562136511e-02 2.018306101475694173e-09 9.559456327228208483e-01
6.748754943641560544e+01 2.230846517473307478e-02 1.126807106092862498e-01 4.961510996562136511e-02 2.018306101475694173e-09 9.559456327228208483e-01
6.754904378612177140e+01 2.229920384305864381e-02 1.124133356874291167e-01 4.858086117999212833e-02 1.990327053682500535e-09 9.552024297789951657e-01
6.794709231701244789e+01 2.240450665892836438e-02 1.118714356708828406e-01 4.981257834267793089e-02 2.018427457441256450e-09 9.571711254141523906e-01
6.811249479703242571e+01 2.240942867915818662e-02 1.119135524704829854e-01 4.846523527797354930e-02 1.985907313750813710e-09 9.568360759615550659e-01
6.811249479703242571e+01 2.240942867915818662e-02 1.119135524704829854e-01 4.846523527797354930e-02 1.985907313750813710e-09 9.568360759615550659e-01
6.811249479703242571e+01 2.240942867915818662e-02 1.119135524704829854e-01 4.846523527797354930e-02 1.985907313750813710e-09 9.568360759615550659e-01
6.811249479703242571e+01 2.240942867915818662e-02 1.119135524704829854e-01 4.846523527797354930e-02 1.985907313750813710e-09 9.568360759615550659e-01
6.811249479703242571e+01 2.240942867915818662e-02 1.119135524704829854e-01 4.846523527797354930e-02 1.985907313750813710e-09 9.568360759615550659e-01
6.805876846873069042e+01 2.244213199321951416e-02 1.119781261564293529e-01 4.884662173071116498e-02 1.996622823070688643e-09 9.583161029919327056e-01
6.805876846873069042e+01 2.244213199321951416e-02 1.119781261564293529e-01 4.884662173071116498e-02 1.996622823070688643e-09 9.583161029919327056e-01
6.805876846873069042e+01 2.244213199321951416e-02 1.119781261564293529e-01 4.884662173071116498e-02 1.996622823070688643e-09 9.583161029919327056e-01
6.805876846873069042e+01 2.244213199321951416e-02 1.119781261564293529e-01 4.884662173071116498e-02 1.996622823070688643e-09 9.583161029919327056e-01
6.805876846873069042e+01 2.244213199321951416e-02 1.119781261564293529e-01 4.884662173071116498e-02 1.996622823070688643e-09 9.583161029919327056e-01
6.805876846873069042e+01 2.244213199321951416e-02 1.119781261564293529e-01 4.884662173071116498e-02 1.996622823070688643e-09 9.583161029919327056e-01
6.805876846873069042e+01 2.244213199321951416e-02 1.119781261564293529e-01 4.884662173071116498e-02 1.996622823070688643e-09 9.583161029919327056e-01
6.805876846873069042e+01 2.244213199321951416e-02 1.119781261564293529e-01 4.884662173071116498e-02 1.996622823070688643e-09 9.583161029919327056e-01
6.805876846873069042e+01 2.244213199321951416e-02 1.119781261564293529e-01 4.884662173071116498e-02 1.996622823070688643e-09 9.583161029919327056e-01
6.805876846873069042e+01 2.244213199321951416e-02 1.119781261564293529e-01 4.884662173071116498e-02 1.996622823070688643e-09 9.583161029919327056e-01
6.805876846873069042e+01 2.244213199321951416e-02 1.119781261564293529e-01 4.884662173071116498e-02 1.996622823070688643e-09 9.583161029919327056e-01
6.805876846873069042e+01 2.244213199321951416e-02 1.119781261564293529e-01 4.884662173071116498e-02 1.996622823070688643e-09 9.583161029919327056e-01
6.805876846873069042e+01 2.244213199321951416e-02 1.119781261564293529e-01 4.884662173071116498e-02 1.996622823070688643e-09 9.583161029919327056e-01
6.805876846873069042e+01 2.244213199321951416e-02 1.119781261564293529e-01 4.884662173071116498e-02 1.996622823070688643e-09 9.583161029919327056e-01
6.805876846873069042e+01 2.244213199321951416e-02 1.119781261564293529e-01 4.884662173071116498e-02 1.996622823070688643e-09 9.583161029919327056e-01
6.805876846873069042e+01 2.244213199321951416e-02 1.119781261564293529e-01 4.884662173071116498e-02 1.996622823070688643e-09 9.583161029919327056e-01
6.805876846873069042e+01 2.244213199321951416e-02 1.119781261564293529e-01 4.884662173071116498e-02 1.996622823070688643e-09 9.583161029919327056e-01
6.805876846873069042e+01 2.244213199321951416e-02 1.119781261564293529e-01 4.884662173071116498e-02 1.996622823070688643e-09 9.583161029919327056e-01
6.805876846873069042e+01 2.244213199321951416e-02 1.119781261564293529e-01 4.884662173071116498e-02 1.996622823070688643e-09 9.583161029919327056e-01
6.823537346365749556e+01 2.238757471816496189e-02 1.115207956510198273e-01 5.011252939616277213e-02 2.021248746754866479e-09 9.578409930383665616e-01
6.801293205195095481e+01 2.229151536224065200e-02 1.118083546365688657e-01 4.856621499137548509e-02 1.984561713257584477e-09 9.558259127648344178e-01
6.806177918678918104e+01 2.231905822952098828e-02 1.117634696988195342e-01 4.889639980333117947e-02 1.993680320596423965e-09 9.577360603233484593e-01
6.806177918678918104e+01 2.231905822952098828e-02 1.117634696988195342e-01 4.889639980333117947e-02 1.993680320596423965e-09 9.577360603233484593e-01
6.806177918678918104e+01 2.231905822952098828e-02 1.117634696988195342e-01 4.889639980333117947e-02 1.993680320596423965e-09 9.577360603233484593e-01
6.802975232374764403e+01 2.224190068175575449e-02 1.116300053872429504e-01 4.947022608650653019e-02 2.003079868615159565e-09 9.556395829598464120e-01
6.802975232374764403e+01 2.224190068175575449e-02 1.116300053872429504e-01 4.947022608650653019e-02 2.003079868615159565e-09 9.556395829598464120e-01
6.802975232374764403e+01 2.224190068175575449e-02 1.116300053872429504e-01 4.947022608650653019e-02 2.003079868615159565e-09 9.556395829598464120e-01
6.794110173600633118e+01 2.228025629542445055e-02 1.121045809880897859e-01 4.947998838674576294e-02 2.006329232665674849e-09 9.552616541265048777e-01
6.794110173600633118e+01 2.228025629542445055e-02 1.121045809880897859e-01 4.947998838674576294e-02 2.006329232665674849e-09 9.552616541265048777e-01
6.794110173600633118e+01 2.228025629542445055e-02 1.121045809880897859e-01 4.947998838674576294e-02 2.006329232665674849e-09 9.552616541265048777e-01
6.794110173600633118e+01 2.228025629542445055e-02 1.121045809880897859e-01 4.947998838674576294e-02 2.006329232665674849e-09 9.552616541265048777e-01
6.784174648966948951e+01 2.222078538000037823e-02 1.121343310295955242e-01 4.921278617257408144e-02 1.999536960834171537e-09 9.541770825446203030e-01
6.784174648966948951e+01 2.222078538000037823e-02 1.121343310295955242e-01 4.921278617257408144e-02 1.999536960834171537e-09 9.541770825446203030e-01
6.784174648966948951e+01 2.222078538000037823e-02 1.121343310295955242e-01 4.921278617257408144e-02 1.999536960834171537e-09 9.541770825446203030e-01
6.810032489784835263e+01 2.218994363298462322e-02 1.113217630616069320e-01 4.967307270067948533e-02 2.004660951889119090e-09 9.550697832412680111e-01
6.841481553374038072e+01 2.218380139551825656e-02 1.104794513186342225e-01 4.913209195055005807e-02 1.985276556816329446e-09 9.563811153566934564e-01
6.841481553374038072e+01 2.218380139551825656e-02 1.104794513186342225e-01 4.913209195055005807e-02 1.985276556816329446e-09 9.563811153566934564e-01
6.837402372532503136e+01 2.220927903973426987e-02 1.107584769128983765e-01 4.916564188995102558e-02 1.987515084504293926e-09 9.562720551049440632e-01
6.837402372532503136e+01 2.220927903973426987e-02 1.107584769128983765e-01 4.916564188995102558e-02 1.987515084504293926e-09 9.562720551049440632e-01
6.837402372532503136e+01 2.220927903973426987e-02 1.107584769128983765e-01 4.916564188995102558e-02 1.987515084504293926e-09 9.562720551049440632e-01
6.837402372532503136e+01 2.220927903973426987e-02 1.107584769128983765e-01 4.916564188995102558e-02 1.987515084504293926e-09 9.562720551049440632e-01
6.837402372532503136e+01 2.220927903973426987e-02 1.107584769128983765e-01 4.916564188995102558e-02 1.987515084504293926e-09 9.562720551049440632e-01
6.837402372532503136e+01 2.220927903973426987e-02 1.107584769128983765e-01 4.916564188995102558e-02 1.987515084504293926e-09 9.562720551049440632e-01
6.823258424289450375e+01 2.228915697826030357e-02 1.113352415165983211e-01 4.926156071148921067e-02 1.995660442073006855e-09 9.579246905303122617e-01
6.823258424289450375e+01 2.228915697826030357e-02 1.113352415165983211e-01 4.926156071148921067e-02 1.995660442073006855e-09 9.579246905303122617e-01
6.823258424289450375e+01 2.228915697826030357e-02 1.113352415165983211e-01 4.926156071148921067e-02 1.995660442073006855e-09 9.579246905303122617e-01
6.823258424289450375e+01 2.228915697826030357e-02 1.113352415165983211e-01 4.926156071148921067e-02 1.995660442073006855e-09 9.579246905303122617e-01
6.806180823183306927e+01 2.228708470545468640e-02 1.118831741083920611e-01 4.921430752082670002e-02 1.998927297621573061e-09 9.577260702030361283e-01
6.806180823183306927e+01 2.228708470545468640e-02 1.118831741083920611e-01 4.921430752082670002e-02 1.998927297621573061e-09 9.577260702030361283e-01
6.836386316878024161e+01 2.238880446696207144e-02 1.115987789434017968e-01 4.964295965760191776e-02 2.009312817864599450e-09 9.608171693980870343e-01
6.836386316878024161e+01 2.238880446696207144e-02 1.115987789434017968e-01 4.964295965760191776e-02 2.009312817864599450e-09 9.608171693980870343e-01
6.875106310033844181e+01 2.236278452717546661e-02 1.103795342614807135e-01 4.941904482651060526e-02 1.993939310627032548e-09 9.610709992964283632e-01
6.875106310033844181e+01 2.236278452717546661e-02 1.103795342614807135e-01 4.941904482651060526e-02 1.993939310627032548e-09 9.610709992964283632e-01
6.875106310033844181e+01 2.236278452717546661e-02 1.103795342614807135e-01 4.941904482651060526e-02 1.993939310627032548e-09 9.610709992964283632e-01
6.875106310033844181e+01 2.236278452717546661e-02 1.103795342614807135e-01 4.941904482651060526e-02 1.993939310627032548e-09 9.610709992964283632e-01
6.875106310033844181e+01 2.236278452717546661e-02 1.103795342614807135e-01 4.941904482651060526e-02 1.993939310627032548e-09 9.610709992964283632e-01
6.875106310033844181e+01 2.236278452717546661e-02 1.103795342614807135e-01 4.941904482651060526e-02 1.993939310627032548e-09 9.610709992964283632e-01
6.875106310033844181e+01 2.236278452717546661e-02 1.103795342614807135e-01 4.941904482651060526e-02 1.993939310627032548e-09 9.610709992964283632e-01
6.875106310033844181e+01 2.236278452717546661e-02 1.103795342614807135e-01 4.941904482651060526e-02 1.993939310627032548e-09 9.610709992964283632e-01
6.872459305568192178e+01 2.238348334943010207e-02 1.105324233090006214e-01 4.892205243507748158e-02 1.983711931249284761e-09 9.618515656311555917e-01
6.872459305568192178e+01 2.238348334943010207e-02 1.105324233090006214e-01 4.892205243507748158e-02 1.983711931249284761e-09 9.618515656311555917e-01
6.872459305568192178e+01 2.238348334943010207e-02 1.105324233090006214e-01 4.892205243507748158e-02 1.983711931249284761e-09 9.618515656311555917e-01
6.872459305568192178e+01 2.238348334943010207e-02 1.105324233090006214e-01 4.892205243507748158e-02 1.983711931249284761e-09 9.618515656311555917e-01
6.872459305568192178e+01 2.238348334943010207e-02 1.105324233090006214e-01 4.892205243507748158e-02 1.983711931249284761e-09 9.618515656311555917e-01
6.867064897015966096e+01 2.241033458441845858e-02 1.108253673552289931e-01 5.025962982514177446e-02 2.018691453550850036e-09 9.622760363320052024e-01
6.867064897015966096e+01 2.241033458441845858e-02 1.108253673552289931e-01 5.025962982514177446e-02 2.018691453550850036e-09 9.622760363320052024e-01
6.867064897015966096e+01 2.241033458441845858e-02 1.108253673552289931e-01 5.025962982514177446e-02 2.018691453550850036e-09 9.622760363320052024e-01
6.867064897015966096e+01 2.241033458441845858e-02 1.108253673552289931e-01 5.025962982514177446e-02 2.018691453550850036e-09 9.622760363320052024e-01
6.867064897015966096e+01 2.241033458441845858e-02 1.108253673552289931e-01 5.025962982514177446e-02 2.018691453550850036e-09 9.622760363320052024e-01
6.867064897015966096e+01 2.241033458441845858e-02 1.108253673552289931e-01 5.025962982514177446e-02 2.018691453550850036e-09 9.622760363320052024e-01
6.833283780839977339e+01 2.234295045829168963e-02 1.112808073057612451e-01 4.973365039036969221e-02 2.008746217753874831e-09 9.610288821131240944e-01
6.833283780839977339e+01 2.234295045829168963e-02 1.112808073057612451e-01 4.973365039036969221e-02 2.008746217753874831e-09 9.610288821131240944e-01
6.833283780839977339e+01 2.234295045829168963e-02 1.112808073057612451e-01 4.973365039036969221e-02 2.008746217753874831e-09 9.610288821131240944e-01
6.833283780839977339e+01 2.234295045829168963e-02 1.112808073057612451e-01 4.973365039036969221e-02 2.008746217753874831e-09 9.610288821131240944e-01
6.833283780839977339e+01 2.234295045829168963e-02 1.112808073057612451e-01 4.973365039036969221e-02 2.008746217753874831e-09 9.610288821131240944e-01
6.833283780839977339e+01 2.234295045829168963e-02 1.112808073057612451e-01 4.973365039036969221e-02 2.008746217753874831e-09 9.610288821131240944e-01
6.805209904309940327e+01 2.228937962345189580e-02 1.119668032452315332e-01 4.978376341716275050e-02 2.013349745380579888e-09 9.603502126564511521e-01
6.805209904309940327e+01 2.228937962345189580e-02 1.119668032452315332e-01 4.978376341716275050e-02 2.013349745380579888e-09 9.603502126564511521e-01
6.849683157942837397e+01 2.234009014605533444e-02 1.109531995294041895e-01 4.951829210221461719e-02 2.000961695390911379e-09 9.620156924093659079e-01
6.849683157942837397e+01 2.234009014605533444e-02 1.109531995294041895e-01 4.951829210221461719e-02 2.000961695390911379e-09 9.620156924093659079e-01
6.849683157942837397e+01 2.234009014605533444e-02 1.109531995294041895e-01 4.951829210221461719e-02 2.000961695390911379e-09 9.620156924093659079e-01
6.849683157942837397e+01 2.234009014605533444e-02 1.109531995294041895e-01 4.951829210221461719e-02 2.000961695390911379e-09 9.620156924093659079e-01
6.852258460220595282e+01 2.240561852154156208e-02 1.111814964518001853e-01 4.955015690048088228e-02 2.004978415470183842e-09 9.629449105953955534e-01
6.879168522125632990e+01 2.243807256892120169e-02 1.104987161115251332e-01 5.038833422132209250e-02 2.021368437054608878e-09 9.641800255804554576e-01
6.870587089392853386e+01 2.244216978240009402e-02 1.105297147762465543e-01 4.941036490703230172e-02 1.997719551041534403e-09 9.635497597028372940e-01
6.870587089392853386e+01 2.244216978240009402e-02 1.105297147762465543e-01 4.941036490703230172e-02 1.997719551041534403e-09 9.635497597028372940e-01
6.870587089392853386e+01 2.244216978240009402e-02 1.105297147762465543e-01 4.941036490703230172e-02 1.997719551041534403e-09 9.635497597028372940e-01
6.870587089392853386e+01 2.244216978240009402e-02 1.105297147762465543e-01 4.941036490703230172e-02 1.997719551041534403e-09 9.635497597028372940e-01
6.870587089392853386e+01 2.244216978240009402e-02 1.105297147762465543e-01 4.941036490703230172e-02 1.997719551041534403e-09 9.635497597028372940e-01
6.870587089392853386e+01 2.244216978240009402e-02 1.105297147762465543e-01 4.941036490703230172e-02 1.997719551041534403e-09 9.635497597028372940e-01
6.870587089392853386e+01 2.244216978240009402e-02 1.105297147762465543e-01 4.941036490703230172e-02 1.997719551041534403e-09 9.635497597028372940e-01
6.870587089392853386e+01 2.244216978240009402e-02 1.105297147762465543e-01 4.941036490703230172e-02 1.997719551041534403e-09 9.635497597028372940e-01
6.870587089392853386e+01 2.244216978240009402e-02 1.105297147762465543e-01 4.941036490703230172e-02 1.997719551041534403e-09 9.635497597028372940e-01
6.870587089392853386e+01 2.244216978240009402e-02 1.105297147762465543e-01 4.941036490703230172e-02 1.997719551041534403e-09 9.635497597028372940e-01
6.870587089392853386e+01 2.244216978240009402e-02 1.105297147762465543e-01 4.941036490703230172e-02 1.997719551041534403e-09 9.635497597028372940e-01
6.870587089392853386e+01 2.244216978240009402e-02 1.105297147762465543e-01 4.941036490703230172e-02 1.997719551041534403e-09 9.635497597028372940e-01
6.870587089392853386e+01 2.244216978240009402e-02 1.105297147762465543e-01 4.941036490703230172e-02 1.997719551041534403e-09 9.635497597028372940e-01
6.870587089392853386e+01 2.244216978240009402e-02 1.105297147762465543e-01 4.941036490703230172e-02 1.997719551041534403e-09 9.635497597028372940e-01
6.870587089392853386e+01 2.244216978240009402e-02 1.105297147762465543e-01 4.941036490703230172e-02 1.997719551041534403e-09 9.635497597028372940e-01
6.870587089392853386e+01 2.244216978240009402e-02 1.105297147762465543e-01 4.941036490703230172e-02 1.997719551041534403e-09 9.635497597028372940e-01
