1.245695755804763394e+03
1.245695755804763394e+03
1.245695755804763394e+03
1.245695755804763394e+03
1.245695755804763394e+03
1.245695755804763394e+03
1.245695755804763394e+03
1.245695755804763394e+03
1.245695755804763394e+03
1.245141512516227976e+03
1.245141512516227976e+03
1.245141512516227976e+03
1.245347480928810455e+03
1.245347480928810455e+03
1.245347480928810455e+03
1.245347480928810455e+03
1.245347480928810455e+03
1.245347480928810455e+03
1.245347480928810455e+03
1.245347480928810455e+03
1.245347480928810455e+03
1.245347480928810455e+03
1.245347480928810455e+03
1.246028130870771975e+03
1.246028130870771975e+03
1.246028130870771975e+03
1.246028130870771975e+03
1.246028130870771975e+03
1.246028130870771975e+03
1.246028130870771975e+03
1.246028130870771975e+03
1.246028130870771975e+03
1.246028130870771975e+03
1.249581019710662531e+03
1.249581019710662531e+03
1.249581019710662531e+03
1.248114740064024772e+03
1.248114740064024772e+03
1.248114740064024772e+03
1.248114740064024772e+03
1.248114740064024772e+03
1.245146900117144469e+03
1.245146900117144469e+03
1.245146900117144469e+03
1.245146900117144469e+03
1.245146900117144469e+03
1.245146900117144469e+03
1.245146900117144469e+03
1.245146900117144469e+03
1.245146900117144469e+03
1.245146900117144469e+03
1.245146900117144469e+03
1.245146900117144469e+03
1.245146900117144469e+03
1.247196958678870487e+03
1.243940857361151984e+03
1.246731373421603166e+03
1.246731373421603166e+03
1.246731373421603166e+03
1.246731373421603166e+03
1.246731373421603166e+03
1.243884049135908299e+03
1.243884049135908299e+03
1.243884049135908299e+03
1.243884049135908299e+03
1.243884049135908299e+03
1.243884049135908299e+03
1.243884049135908299e+03
1.243884049135908299e+03
1.243884049135908299e+03
1.248259126866832048e+03
1.251920415323318593e+03
1.251920415323318593e+03
1.251920415323318593e+03
1.251920415323318593e+03
1.251920415323318593e+03
1.251920415323318593e+03
1.243352610448653195e+03
1.243352610448653195e+03
1.242861338850575521e+03
1.242861338850575521e+03
1.242861338850575521e+03
1.242861338850575521e+03
1.242861338850575521e+03
1.242861338850575521e+03
1.242861338850575521e+03
1.242861338850575521e+03
1.242861338850575521e+03
1.245440007448831011e+03
1.245440007448831011e+03
1.245440007448831011e+03
1.247460083428268717e+03
1.247460083428268717e+03
1.247460083428268717e+03
1.247460083428268717e+03
1.247460083428268717e+03
1.247460083428268717e+03
1.247460083428268717e+03
1.243972959152707972e+03
1.243972959152707972e+03
1.243972959152707972e+03
1.244279207880953436e+03
1.244279207880953436e+03
1.244196436615214225e+03
1.244196436615214225e+03
1.244196436615214225e+03
1.244196436615214225e+03
1.247696484464407604e+03
1.246360510639755375e+03
1.246360510639755375e+03
1.246360510639755375e+03
1.246360510639755375e+03
1.246360510639755375e+03
1.246360510639755375e+03
1.251443013432806538e+03
1.251443013432806538e+03
1.251443013432806538e+03
1.251443013432806538e+03
1.248610985329125015e+03
1.248610985329125015e+03
1.248610985329125015e+03
1.245374250246682095e+03
1.242161456510943935e+03
1.242161456510943935e+03
1.242040692776291507e+03
1.242040692776291507e+03
1.242040692776291507e+03
1.242040692776291507e+03
1.241044008320732928e+03
1.241044008320732928e+03
1.241044008320732928e+03
1.241044008320732928e+03
1.241044008320732928e+03
1.241044008320732928e+03
1.241044008320732928e+03
1.241044008320732928e+03
1.241044008320732928e+03
1.241044008320732928e+03
1.241044008320732928e+03
1.241044008320732928e+03
1.241044008320732928e+03
1.241044008320732928e+03
1.241044008320732928e+03
1.241044008320732928e+03
1.241698540450992368e+03
1.241698540450992368e+03
1.241698540450992368e+03
1.241698540450992368e+03
1.241698540450992368e+03
1.241878803325631452e+03
1.241878803325631452e+03
1.241878803325631452e+03
1.241878803325631452e+03
1.241878803325631452e+03
1.241878803325631452e+03
1.240884311290891674e+03
1.240884311290891674e+03
1.240884311290891674e+03
1.244660014695907194e+03
1.243913951792315174e+03
1.243913951792315174e+03
1.243913951792315174e+03
1.243913951792315174e+03
1.243913951792315174e+03
1.243913951792315174e+03
1.243913951792315174e+03
1.240928785710635111e+03
1.240928785710635111e+03
1.240928785710635111e+03
1.240928785710635111e+03
1.240928785710635111e+03
1.240928785710635111e+03
1.240928785710635111e+03
1.240928785710635111e+03
1.240928785710635111e+03
1.240928785710635111e+03
1.240928785710635111e+03
1.240928785710635111e+03
1.240928785710635111e+03
1.240928785710635111e+03
1.240928785710635111e+03
1.240928785710635111e+03
1.240928785710635111e+03
1.240436356783158544e+03
1.240436356783158544e+03
1.240436356783158544e+03
1.240436356783158544e+03
1.240436356783158544e+03
1.240436356783158544e+03
1.240436356783158544e+03
1.240436356783158544e+03
1.240436356783158544e+03
1.240436356783158544e+03
1.240436356783158544e+03
1.240131450122596334e+03
1.240131450122596334e+03
1.240131450122596334e+03
1.240131450122596334e+03
1.240131450122596334e+03
1.240131450122596334e+03
1.240131450122596334e+03
1.240131450122596334e+03
1.240131450122596334e+03
1.240131450122596334e+03
1.240131450122596334e+03
1.240131450122596334e+03
1.240131450122596334e+03
1.240131450122596334e+03
1.240131450122596334e+03
1.240131450122596334e+03
1.240131450122596334e+03
1.240131450122596334e+03
1.240131450122596334e+03
1.240317720762455792e+03
1.240317720762455792e+03
1.242574293235333244e+03
1.242574293235333244e+03
1.242574293235333244e+03
1.239106102123943629e+03
1.239106102123943629e+03
1.239106102123943629e+03
1.239106102123943629e+03
1.239106102123943629e+03
1.239106102123943629e+03
1.239106102123943629e+03
1.239106102123943629e+03
1.239106102123943629e+03
1.240783678007553590e+03
1.240783678007553590e+03
1.240783678007553590e+03
1.240783678007553590e+03
1.240783678007553590e+03
1.240783678007553590e+03
1.240783678007553590e+03
1.240783678007553590e+03
1.238063477119306754e+03
1.238063477119306754e+03
1.238063477119306754e+03
1.238063477119306754e+03
1.238063477119306754e+03
1.238063477119306754e+03
1.238063477119306754e+03
1.238063477119306754e+03
1.238063477119306754e+03
1.238063477119306754e+03
1.238063477119306754e+03
1.238063477119306754e+03
1.238063477119306754e+03
1.238063477119306754e+03
1.240163846734104254e+03
1.240163846734104254e+03
1.240163846734104254e+03
1.240163846734104254e+03
1.240163846734104254e+03
1.240163846734104254e+03
1.240163846734104254e+03
1.240441595949974953e+03
1.240441595949974953e+03
1.239948169587194570e+03
1.239948169587194570e+03
1.239948169587194570e+03
1.240596052106898242e+03
1.240596052106898242e+03
1.240596052106898242e+03
1.240596052106898242e+03
1.240596052106898242e+03
1.240596052106898242e+03
1.240642273316652108e+03
1.240642273316652108e+03
1.240642273316652108e+03
1.239649504285121111e+03
1.239649504285121111e+03
1.239150634899625857e+03
1.240216277688519540e+03
1.240216277688519540e+03
1.240216277688519540e+03
1.240216277688519540e+03
1.240216277688519540e+03
1.240216277688519540e+03
1.240216277688519540e+03
1.240216277688519540e+03
1.240216277688519540e+03
1.240216277688519540e+03
1.237584472843178673e+03
1.237584472843178673e+03
1.236799875937305615e+03
1.236799875937305615e+03
1.237448034927603658e+03
1.237448034927603658e+03
1.237448034927603658e+03
1.237448034927603658e+03
1.237448034927603658e+03
1.237539591721145825e+03
1.237539591721145825e+03
1.237539591721145825e+03
1.237539591721145825e+03
1.237539591721145825e+03
1.237539591721145825e+03
1.237539591721145825e+03
1.237539591721145825e+03
1.237539591721145825e+03
1.237539591721145825e+03
1.237539591721145825e+03
1.237539591721145825e+03
1.237539591721145825e+03
1.237539591721145825e+03
1.237539591721145825e+03
1.238636366422186711e+03
1.238636366422186711e+03
1.238636366422186711e+03
1.238636366422186711e+03
1.238636366422186711e+03
1.238636366422186711e+03
1.238473784115564058e+03
1.238473784115564058e+03
1.238473784115564058e+03
1.238473784115564058e+03
1.238473784115564058e+03
1.238473784115564058e+03
1.238473784115564058e+03
1.238473784115564058e+03
1.242946868289213398e+03
1.238372729402110053e+03
1.238372729402110053e+03
1.238372729402110053e+03
1.238372729402110053e+03
1.238372729402110053e+03
1.238372729402110053e+03
1.238372729402110053e+03
1.238742724047252068e+03
1.238742724047252068e+03
1.238742724047252068e+03
1.238742724047252068e+03
1.238742724047252068e+03
1.238742724047252068e+03
1.238742724047252068e+03
1.238774966665264856e+03
1.238774966665264856e+03
1.237615056958446530e+03
1.238029621187156863e+03
1.238029621187156863e+03
1.238029621187156863e+03
1.238029621187156863e+03
1.238029621187156863e+03
1.238029621187156863e+03
1.238029621187156863e+03
1.238474508544672062e+03
1.238474508544672062e+03
1.238474508544672062e+03
1.238474508544672062e+03
1.238474508544672062e+03
1.239226337764762320e+03
1.239226337764762320e+03
1.239226337764762320e+03
1.241594562927328980e+03
1.241594562927328980e+03
1.241594562927328980e+03
1.241594562927328980e+03
1.241594562927328980e+03
1.241266092729434149e+03
1.241266092729434149e+03
1.241266092729434149e+03
1.241266092729434149e+03
1.241266092729434149e+03
1.241266092729434149e+03
1.241266092729434149e+03
1.241266092729434149e+03
1.241266092729434149e+03
1.241083588570698339e+03
1.241083588570698339e+03
1.239616021119593597e+03
1.239616021119593597e+03
1.239616021119593597e+03
1.239616021119593597e+03
1.239616021119593597e+03
1.240233852844437934e+03
1.240233852844437934e+03
1.240233852844437934e+03
1.240233852844437934e+03
1.241473387786036255e+03
1.241473387786036255e+03
1.241473387786036255e+03
1.241473387786036255e+03
1.241473387786036255e+03
1.241473387786036255e+03
1.241473387786036255e+03
1.241473387786036255e+03
1.241473387786036255e+03
1.239450659146248654e+03
1.239450659146248654e+03
1.239450659146248654e+03
1.239450659146248654e+03
1.239450659146248654e+03
1.242174080545777088e+03
1.241684631483989506e+03
1.242387489154995365e+03
1.242387489154995365e+03
1.242387489154995365e+03
1.242387489154995365e+03
1.242387489154995365e+03
1.239295909156654261e+03
1.239295909156654261e+03
1.239295909156654261e+03
1.239295909156654261e+03
1.239295909156654261e+03
1.239295909156654261e+03
1.239295909156654261e+03
1.239295909156654261e+03
1.239295909156654261e+03
1.239295909156654261e+03
1.239295909156654261e+03
1.239295909156654261e+03
1.239295909156654261e+03
1.239295909156654261e+03
1.239295909156654261e+03
1.239295909156654261e+03
1.239295909156654261e+03
1.239295909156654261e+03
1.239295909156654261e+03
1.241605908081831330e+03
1.241415134068415000e+03
1.238055342311157347e+03
1.238055342311157347e+03
1.238055342311157347e+03
1.236508951226795489e+03
1.236508951226795489e+03
1.236508951226795489e+03
1.236551442529026190e+03
1.236551442529026190e+03
1.236551442529026190e+03
1.236551442529026190e+03
1.236817428287528855e+03
1.236817428287528855e+03
1.236817428287528855e+03
1.236694518986710591e+03
1.237019785933160165e+03
1.237019785933160165e+03
1.236942651009283964e+03
1.236942651009283964e+03
1.236942651009283964e+03
1.236942651009283964e+03
1.236942651009283964e+03
1.236942651009283964e+03
1.236543479473424213e+03
1.236543479473424213e+03
1.236543479473424213e+03
1.236543479473424213e+03
1.236307723438132825e+03
1.236307723438132825e+03
1.235035929614532051e+03
1.235035929614532051e+03
1.235770034495177015e+03
1.235770034495177015e+03
1.235770034495177015e+03
1.235770034495177015e+03
1.235770034495177015e+03
1.235770034495177015e+03
1.235770034495177015e+03
1.235770034495177015e+03
1.239023996638032713e+03
1.239023996638032713e+03
1.239023996638032713e+03
1.239023996638032713e+03
1.239023996638032713e+03
1.238184707959105026e+03
1.238184707959105026e+03
1.238184707959105026e+03
1.238184707959105026e+03
1.238184707959105026e+03
1.238184707959105026e+03
1.235493011026120712e+03
1.235493011026120712e+03
1.235493011026120712e+03
1.235493011026120712e+03
1.235493011026120712e+03
1.235493011026120712e+03
1.234701438049858780e+03
1.234701438049858780e+03
1.235026133909842656e+03
1.235026133909842656e+03
1.235026133909842656e+03
1.235026133909842656e+03
1.234897184821154269e+03
1.239883040265706313e+03
1.236222227329739781e+03
1.236222227329739781e+03
1.236222227329739781e+03
1.236222227329739781e+03
1.236222227329739781e+03
1.236222227329739781e+03
1.236222227329739781e+03
1.236222227329739781e+03
1.236222227329739781e+03
1.236222227329739781e+03
1.236222227329739781e+03
1.236222227329739781e+03
1.236222227329739781e+03
1.236222227329739781e+03
1.236222227329739781e+03
1.236222227329739781e+03
